411215.7092	4117926.32	68.1101
406057.8558	4116281.406	1101.2837
406272.9778	4116569.862	998.3531
406661.9749	4116869.82	904.8699
407101.2781	4117147.598	795.7048
407482.0155	4117422.914	717.9652
407941.34	4117620.017	626.5879
408439.24	4117730.145	538.5067
408943.5548	4117800.767	454.3368
409419.4633	4117944.306	343.9142
409783.5403	4118128.79	227.4167
408983.9931	4117596.224	458.744
408960.2579	4117711.742	454.1751
408922.4587	4117898.943	455.4328
408894.2407	4117975.335	453.6005
408561.0984	4117426.004	531.9135
408521.0565	4117527.937	534.0089
408480.7378	4117630.293	535.9377
408398.633	4117833.767	539.1699
408357.6969	4117934.86	533.6686
