405884.65	4116043.97		
405913.84	4116095.03		
405950.32	4116240.92		
406052.48	4116496.22		
406110.85	4116824.47		
406169.23	4116948.48		
406242.19	4117094.36		
406388.13	4117174.60		
406855.12	4117575.80		
407176.18	4117772.75		
407592.09	4117962.40		
407876.67	4118093.70		
408095.57	4118210.41		
408336.36	4118327.12		
408511.48	4118385.48		
408752.28	4118473.01		
409066.04	4118567.84		
409299.53	4118706.43		
409620.59	4118852.32		
409839.49	4118939.85		
409963.54	4118998.21		
410051.10	4119034.68		
410138.66	4119049.27		
410204.33	4119107.63		
410306.49	4119158.69		
410372.16	4119268.10		
410459.72	4119326.46		
410510.80	4119282.69		
410532.69	4119180.57		
410642.14	4119107.63		
410736.99	4119020.09		
410817.26	4118910.68		
410882.93	4118823.14		
410955.90	4118728.32		
411006.97	4118626.19		
411072.65	4118524.07		
411160.21	4118414.66		
411101.83	4118400.07		
410970.49	4118392.77		
410839.15	4118341.71		
410729.70	4118290.65		
410649.43	4118246.88		
410539.98	4118188.53		
410415.94	4118108.29		
410291.89	4118013.46		
410204.33	4117925.93		
410109.47	4117867.57		
410014.62	4117801.92		
409905.16	4117758.16		
409788.42	4117721.68		
409649.78	4117670.62		
409460.06	4117604.97		
409314.13	4117553.91		
409233.86	4117524.74		
409058.74	4117451.79		
408949.29	4117415.32		
408847.14	4117364.26		
408737.68	4117327.79		
408650.12	4117291.31		
408562.56	4117269.43		
408387.44	4117262.14		
408307.18	4117247.55		
408124.76	4117174.60		
407862.07	4116977.65		
407679.65	4116875.53		
407511.83	4116751.53		
407322.11	4116649.40		
407168.88	4116532.69		
407015.65	4116445.16		
406891.61	4116313.86		
406760.26	4116204.44		
406563.25	4116116.91		
406380.83	4116065.85		
406322.46	4116065.85		
406249.49	4116022.08		
406103.56	4116022.08		
405884.65	4116036.67		
