  4.0587736e+005  4.1160440e+006
  4.0592114e+005  4.1160950e+006
  4.0595032e+005  4.1162336e+006
  4.0602329e+005  4.1164233e+006
  4.0605248e+005  4.1164962e+006
  4.0610356e+005  4.1167078e+006
  4.0612545e+005  4.1168464e+006
  4.0616923e+005  4.1169631e+006
  4.0624949e+005  4.1170871e+006
  4.0641732e+005  4.1171892e+006
  4.0659244e+005  4.1173351e+006
  4.0668730e+005  4.1174226e+006
  4.0684053e+005  4.1175612e+006
  4.0696457e+005  4.1176414e+006
  4.0715429e+005  4.1177655e+006
  4.0733671e+005  4.1178384e+006
  4.0752642e+005  4.1179332e+006
  4.0765776e+005  4.1180062e+006
  4.0793504e+005  4.1181229e+006
  4.0808098e+005  4.1181666e+006
  4.0816854e+005  4.1182177e+006
  4.0827069e+005  4.1182396e+006
  4.0841663e+005  4.1182396e+006
  4.0859175e+005  4.1181448e+006
  4.0873768e+005  4.1180426e+006
  4.0881065e+005  4.1180426e+006
  4.0894199e+005  4.1180426e+006
  4.0903685e+005  4.1180791e+006
  4.0916819e+005  4.1181010e+006
  4.0924846e+005  4.1181156e+006
  4.0932142e+005  4.1181521e+006
  4.0939439e+005  4.1181958e+006
  4.0946736e+005  4.1182615e+006
  4.0956222e+005  4.1183198e+006
  4.0963518e+005  4.1183563e+006
  4.0970086e+005  4.1183928e+006
  4.0982490e+005  4.1184074e+006
  4.0988327e+005  4.1184584e+006
  4.0992705e+005  4.1184584e+006
  4.1000002e+005  4.1184147e+006
  4.0999273e+005  4.1182688e+006
  4.1000732e+005  4.1181302e+006
  4.1000732e+005  4.1180791e+006
  4.0989787e+005  4.1179916e+006
  4.0981031e+005  4.1179332e+006
  4.0971545e+005  4.1178749e+006
  4.0959140e+005  4.1178238e+006
  4.0951844e+005  4.1177727e+006
  4.0938709e+005  4.1176925e+006
  4.0931413e+005  4.1176123e+006
  4.0927035e+005  4.1175685e+006
  4.0914630e+005  4.1174883e+006
  4.0905874e+005  4.1174518e+006
  4.0892740e+005  4.1174007e+006
  4.0880335e+005  4.1173861e+006
  4.0873768e+005  4.1173278e+006
  4.0862823e+005  4.1172767e+006
  4.0851148e+005  4.1172621e+006
  4.0841663e+005  4.1172548e+006
  4.0833636e+005  4.1172621e+006
  4.0816854e+005  4.1172111e+006
  4.0804449e+005  4.1171381e+006
  4.0790585e+005  4.1170141e+006
  4.0778911e+005  4.1169266e+006
  4.0765776e+005  4.1168682e+006
  4.0752642e+005  4.1167661e+006
  4.0743886e+005  4.1167005e+006
  4.0728563e+005  4.1166348e+006
  4.0716158e+005  4.1165327e+006
  4.0704484e+005  4.1164743e+006
  4.0692809e+005  4.1163503e+006
  4.0682593e+005  4.1162555e+006
  4.0671648e+005  4.1161899e+006
  4.0652677e+005  4.1161023e+006
  4.0643191e+005  4.1160804e+006
  4.0631516e+005  4.1160586e+006
  4.0622030e+005  4.1160148e+006
  4.0608167e+005  4.1160075e+006
  4.0597221e+005  4.1160148e+006
  4.0585547e+005  4.1160440e+006
