411215.7092	4117926.32	28.1101			0	0
406057.8558	4116281.406	1061.2837		0	0
406058.4589	4116281.91	1061.3667		0.061	0.005483317
406058.9299	4116282.344	1061.1426		0.053	0.005896993
406272.9778	4116569.862	958.3531		0	0
406273.3429	4116570.353	958.1653		0.047	0.005450979
406273.7219	4116570.813	958.1203		0.05	0.005898815
406661.9749	4116869.82	864.8699		0	0
406662.6231	4116870.576	865.0411		0.076	0.005420654
406663.1197	4116871.169	865.2245		0.065	0.005899498
407101.2781	4117147.598	755.7048		0	0
407101.9754	4117148.376	755.4116		0.08	0.005391474
407102.7761	4117148.941	755.3495		0.082	0.005901265
407482.0155	4117422.914	677.9652		0	0
407482.932	4117423.466	677.6646		0.082	0.005449374
407483.6459	4117424.172	677.6877		0.084	0.005902747
407941.34	4117620.017	586.5879		0	0
407942.5346	4117620.311	586.4178		0.095	0.005461456
407943.6382	4117620.55	586.6069		0.094	0.005903318
408439.24	4117730.145	498.5067		0	0
408440.5198	4117730.594	498.245			0.125	0.006505524
408442.103	4117731.08	498.0085		0.12	0.005125725
408943.5548	4117800.767	414.3368		0	0
408945.0809	4117801.605	413.8525		0.158	0.006425809
408947.0698	4117802.533	413.6815		0.155	0.005000657
409419.4633	4117944.306	303.9142		0	0
409420.9401	4117945.531	303.8065		0.175	0.006457391
409423.0243	4117947.218	303.3909		0.179	0.004718414
409783.5403	4118128.79	187.4167		0	0
409784.7467	4118129.744	187.0193		0.155	0.007105609
409786.6034	4118131.151	186.4307		0.155	0.004715464
0		0		0			0	0
408561.0984	4117426.004	491.9135		0	0
408562.442	4117426.521	491.9779		0.112	0.005477565
0		0		0			0	0
408521.0565	4117527.937	494.0089		0	0
408522.3861	4117528.491	493.9815		0.112	0.005482186
0		0		0			0	0
408480.7378	4117630.293	495.9377		0	0
408482.1825	4117630.914	495.7028		0.122	0.005484105
0		0		0			0	0
408398.633	4117833.767	499.1699		0	0
408399.3148	4117834.078	499.161			0.058	0.005486223
0		0		0			0	0
408357.6969	4117934.86	493.6686		0	0
408357.9742	4117935.013	493.8234		0.025	0.005486912
408983.9931	4117596.224	418.744			0	0
408985.5645	4117596.969	418.4043		0.162	0.006568826
408987.7345	4117597.919	418.1979		0.158	0.004720346
408960.2579	4117711.742	414.1751		0	0
408961.8868	4117712.554	413.8446		0.168	0.006516001
408964.0863	4117713.551	413.6346		0.161	0.004720748
408922.4587	4117898.943	415.4328		0	0
408923.7569	4117899.4	415.0561		0.126	0.006461284
408925.5714	4117900.023	414.9387		0.128	0.004729811
408894.2407	4117975.335	413.6005		0	0
408894.8477	4117975.657	413.5285		0.062	0.006422972
408895.4918	4117976.005	413.723			0.049	0.004730104
