 -1.0868030e+000  4.7994466e+002
  2.8517594e+001  4.5512213e+002
  6.8626777e+001  4.2839018e+002
  1.1351086e+002  4.1502420e+002
  1.4884514e+002  4.1120535e+002
  1.8226946e+002  4.1502420e+002
  2.1187386e+002  4.2266190e+002
  2.3479339e+002  4.2648075e+002
  2.5771293e+002  4.3316374e+002
  2.7776752e+002  4.4271086e+002
  2.9400219e+002  4.4939385e+002
  3.1501176e+002  4.5130328e+002
  3.3888627e+002  4.5225799e+002
  3.5798588e+002  4.5416742e+002
  3.7135561e+002  4.5225799e+002
  3.8568032e+002  4.4652972e+002
  4.1050981e+002  4.4462029e+002
  4.2865444e+002  4.3984673e+002
  4.4297915e+002  4.3602788e+002
  4.6398872e+002  4.3411845e+002
  4.8213335e+002  4.2361661e+002
  4.9454810e+002  4.1693362e+002
  5.1364771e+002  4.1311477e+002
  5.2988238e+002  4.0643178e+002
  5.4611705e+002  3.9592995e+002
  5.6330670e+002  3.8924696e+002
  5.7763141e+002  3.8542811e+002
  5.9673102e+002  3.8160926e+002
  6.1392067e+002  3.7874512e+002
  6.3493024e+002  3.7683569e+002
  6.5020993e+002  3.7397155e+002
  6.6739958e+002  3.7301684e+002
  6.8840915e+002  3.7397155e+002
  7.1228367e+002  3.7588098e+002
  7.3902312e+002  3.7779040e+002
  7.6480760e+002  3.8447339e+002
  7.8677215e+002  3.9211109e+002
  8.0778172e+002  3.9974880e+002
  8.2592635e+002  4.0834121e+002
  8.3643114e+002  4.1502420e+002
  8.4884588e+002  4.3220903e+002
  8.6412557e+002  4.5512213e+002
  8.7272040e+002  4.7708052e+002
  8.8418016e+002  4.9617477e+002
  8.8895507e+002  5.0954075e+002
