408247.1519	4118187.125	481.2412	0	0	0	0	0	0
408633.05	4117277.3	507.81	0	0	0	0	0	0
408310.44	4118043.2	487.78	408326.9	4118004.2	489.05875	0.816	0	0
408318.67	4118023.7	488.41937	408335.13	4117984.7	489.69813	0.768	0	0
408326.9	4118004.2	489.05875	408343.35	4117965.2	490.3375	0.688	0	0
408335.13	4117984.7	489.69813	408351.58	4117945.7	490.97687	0.688	0	0
408343.35	4117965.2	490.3375	408359.81	4117926.2	491.61625	0.608	0	0
408351.58	4117945.7	490.97687	408368.04	4117906.6	492.25563	0.576	0	0
408359.81	4117926.2	491.61625	408376.27	4117887.1	492.895	0.472	0.592	0
408368.04	4117906.6	492.25563	408384.5	4117867.6	493.53437	0.424	0	0
408376.27	4117887.1	492.895	408392.73	4117848.1	494.17375	0.408	0	0
408384.5	4117867.6	493.53437	408400.96	4117828.6	494.81313	0.408	0	0
408392.73	4117848.1	494.17375	408409.19	4117809.1	495.4525	0.416	0	0
408400.96	4117828.6	494.81313	408417.41	4117789.6	496.09187	0.416	0	0
408409.19	4117809.1	495.4525	408425.64	4117770.1	496.73125	0.448	0	0
408417.41	4117789.6	496.09187	408433.87	4117750.6	497.37063	0	0	0
408425.64	4117770.1	496.73125	408442.1	4117731.1	498.01	0.632	0	0
408442.1	4117731.1	498.01	408459.46	4117689.8	497.28	0.632	0.8	0
408450.78	4117710.5	497.65	408468.14	4117669.2	496.92	0.672	0	0
408459.46	4117689.8	497.28	408476.82	4117648.6	496.56	0.74	0	0
408468.14	4117669.2	496.92	408485.5	4117627.9	496.19	0.84	0	0
408476.82	4117648.6	496.56	408494.18	4117607.3	495.83	0.92	0	0
408485.5	4117627.9	496.19	408502.86	4117586.7	495.46	0.98	0	0
408494.18	4117607.3	495.83	408511.54	4117566.1	495.1	1.06	0	0
408502.86	4117586.7	495.46	408520.22	4117545.4	494.74	1.16	0	0
408511.54	4117566.1	495.1	408528.9	4117524.8	494.37	1.24	0	0
408520.22	4117545.4	494.74	408537.57	4117504.2	494.01	1.28	0	0
408528.9	4117524.8	494.37	408546.25	4117483.6	495.44	1.32	1.6	0
408537.57	4117504.2	494.01	408554.93	4117462.9	496.88	1.34	0	0
408546.25	4117483.6	495.44	408563.61	4117442.3	498.31	1.32	1.78	0
408554.93	4117462.9	496.88	408572.29	4117421.7	499.74	1.34	0	0
408563.61	4117442.3	498.31	408580.97	4117401	501.18	1.36	0	0
408572.29	4117421.7	499.74	408589.65	4117380.4	502.61	1.26	0	0
408580.97	4117401	501.18	408598.33	4117359.8	504.04	1.14	0	0
408589.65	4117380.4	502.61	408607.01	4117339.2	505.48	0.88	0	0
408598.33	4117359.8	504.04	408615.69	4117318.5	506.91909	0.76	1.02	0
408607.01	4117339.2	505.48	408624.37	4117297.9	507.36455	0.8	0	0
408615.69	4117318.5	506.91909	408633.05	4117277.3	507.81	0.656	0	0
