0007 0000 0010 0029 0021 0000 
0711 0896 0000 0992 0492 0769 
0711 0022 0088 0224 0501 0753 
0711 0057 0100 0307 0502 0776 
0711 0048 0088 0073 0497 0833 
0711 0048 0156 0924 0497 0857 
0711 0030 0080 0927 0498 0841 
0007 0000 0010 0030 0000 0000 
0711 0041 0192 0134 0498 0825 
0711 0056 0152 0576 0501 0761 
0711 0103 0340 0617 0503 0701 
0711 0225 0340 0570 0507 0665 
0711 0178 0300 0546 0519 0609 
0711 0118 0272 0543 0531 0504 
0711 0216 0308 0575 0516 0565 
0711 0142 0268 0619 0553 0386 
0711 0185 0320 0601 0554 0424 
0711 0093 0320 0484 0540 0392 
0711 0119 0204 0561 0562 0290 
0711 0061 0172 0691 0508 0637 
0711 0065 0196 0382 0579 0207 
0711 0050 0128 0271 0499 0711 
0711 0033 0104 0178 0484 0800 
0711 0071 0120 0327 0484 0773 
0711 0046 0124 0711 0482 0816 
0711 0060 0100 0615 0476 0861 
0711 0053 0108 0337 0480 0833 
0711 0054 0124 0791 0484 0769 
0711 0044 0092 0339 0475 0881 
0711 0087 0224 0306 0488 0713 
0711 0059 0168 0997 0475 0845 
0711 0066 0188 0739 0486 0741 
0711 0070 0196 0868 0506 0659 
0711 0054 0180 0683 0520 0601 
0711 0129 0284 0694 0495 0741 
0711 0071 0180 0759 0489 0777 
0711 0126 0244 0611 0491 0741 
0711 0084 0216 0291 0496 0777 
0711 0030 0068 0090 0497 0849 
0711 0037 0076 0310 0487 0849 
0711 0041 72   61   87   73
0711 0040   80   12   9   05
0711 0006   06   05   05   06
0711 0000   00   03   04   09
0711 0000   00   07   04   08
0711 0000   00   08   04   09
0711 0000   01   05   04 0893
0711 0110 0220 0514 0485 0821
0711 0165 0288 0524 0477 0869
0711 0185 0316 0557 0477 0884
0711 0191 0308 0515 0478 0889
0711 0178 0264 0465 0474 0893
0711 0169 0248 0454 0477 0901
0711 0185 0284 0539 0477 0901
0711 0188 0292 0530 0471 0901
0711 0167 0252 0457 0469 0901
0007 0000 0010 0031 0000 0000
07  162  232  417  471  903
711  188  276  504  460  897
711  197  284  545  449  893
711  210  316  495  452  889
711  222  324  551  455  889
711  208  320  623  455  877
711  143  304  633  452  825
711  149  292  759  455  769
711  061  224  868  456  743
711  050  088  715  446  745
711  048  104  851  449  749
711  043  084  726  443  709
711  068  120  893  454  669
711  020  048  874  443  689
711  063  088  722  445  729
711  047  136  397  448  677
711  029  076  021  450  701
711  069  168  317  458  701
711  068  168  147  459  713
711  036  120  481  469  661
711  079  160  34   67   17
711   11   00   12   23   85
11   83   80   61   10   85
11   66   48   35   20   97
11   63   92   41   20   89
11   77   04   74   19   46
11   09   48   83   49   06
11   90   88   86   34   78
11   17   52   29   61   36
11   46   96   13   74   04
11   63   40   83   53   96
11   62   92   44   64   19
11   17   64   04   22   61
11   45   80   27   77   02
11   98   88   40   63   17
11   03   92   00   91   46
11   77   44   04   21   41
11   60   60   19   28   21
11   43   48   87   24   81
11   46   28   62   15   49
11   60   04   65   37   53
11   68   00   56   9   09
1   04   00   02   08   03
01   06   06   15   07   05
01   01   00   07   06   01
1   01   04   04   08   04
01   03   02   09   04   06
01   09   08   01   04   07
7   00   01   01   00   00
01   05   02   08   02   03
01   04   08   02   04   07
1   01   02   11   00   07
01   04   00   05   05   09
01   02   00   05   01   07
1   06   02   06   04   07
01   04   02   04   01   09
01   03   02   05   01   01
1   08   06   07   02   07
01   02   08   05   04   01
01   01   00   05   04   05
1   01   00   01   03   05
01   05   08   06   02   05
01   06   06   02   01   09
1   05   06   02   09   08
01   01   06   02   07   07
01   02   0  077  047  078
071  005  009  055  047  076
071  002  006  088  047  077
071  004  007  084  047  076
071  001  004  035 0469 0793
0711 0052 0084 0753 0471 0768
0711 0022 0048 0839 0475 0781
0711 0053 0084 1023 0486 0713
0711 0031 0096 0738 0476 0765
0711 0060 0104 0738 0486 0733
0711 0054 0124 0741 0482 0781
0711 0069 0124 0480 0493 0769
0711 0099 0180 0898 0484 0805
0711 0069 0128 0307 0486 0772
0711 0099 0184 0858 0491 0768
0711 0057 0128 0356 0489 0733
0711 0079 0224 0944 0492 0772
0711 0071 0292 0928 0493 0741
0711 0052 0128 038 0492 0729 
0711 0133 0352 0757 0494 0697 
0711 0091 0300 0707 0478 0757 
0711 0244 0364 0670 0475 0741 
0711 0265 0396 0653 0473 0787 
0711 0215 0448 0617 0472 0721 
0711 0201 0376 0625 0468 0737 
0711 0129 0300 0614 0464 0725 
0711 0065 0208 0708 0469 0665 
0711 0101 0296 0895 0470 0637 
0711 0043 0160 0195 0467 0689 
0711 0075 0284 0860 0460 0749 
0711 0078 0224 0133 0459 0761 
0711 0083 0168 0067 0464 0733 
0007 0000 0011 0002 0000 0000 
0711 0068 0188 0231 0462 0721 
0711 0066 0124 0179 0454 0857 
0711 0068 0144 0136 0458 0781 
0711 0103 0196 0035 0458 0801
711  076  164  376  458  777
711  087  208  447  457  824
711  093  304  412  457  825
711  088  304  274  450  828
711  085  280  226  457  793
711  092  364  313  454  776
711  103  416  490  450  788
711  112  292  470  448  757
711  107  252  408  451  759
711  093  272  583  452  741
11   87   24   53   53   49
11   99   56   67   52   49
11   92   52   39   50   29
11   00   24   89   44   89
11   92   92   19   48   97
11   83   04   78   49   13
11   73   92   57   50   89
11   51   72   83   42   04
11   32   72   76   42   21
11   29   60   24   43   33
11   24   52   98   44   53
11   57   88   03   53   73
11   44   28   42   54   89
11   37   6   07   06   09
01   03   00   02   00   05
01   09   06   02   04   07
1   07   00   06   00   03
01   04   00   04   05   04
01   02   02   07   02   05
1   01   08   08   00   03
01   00   06   00   09   05
01   00   00   04   08   09
1   07   08   04   02   03
01   08   00   05   08   01
01   01   00   07   02   07
1   08   04   01   01   03
01   08   08   12   04   01
01   0  006  009  045  076
071  005  016  016  046  054
071  004  014  017  046  055
071  004  015  015  046  051
071  004  014  017  046  055
071  006  021  099  046  060
071  003  007  050  044  075
0711  000  001  000  000  000
071  003  009  094  045  055
071  004  012  017  045  067
071  005  014  054  044  069
071  009  016  059  043  082
071  011  020  048  043  078
071  012  022  080 0433 0711
0711 01040204 0563 0430 0701 
0711 0088 0184 0616 0436 0629 
0711 0064 0232 0455 0425 0829 
0711 0069 0180 0565 0422 0809 
0711 0059 0164 0666 0430 0673 
0711 0048 0148 0556 0419 0793 
0711 0077 0280 0400 0421 0661 
0711 0089 0208 0743 0424 0673 
0711 0057 0168 0943 0419 0665 
0711 0044 0116 0582 0416 0717 
0711 0071 0124 0605 0412 0745 
0711 0058 0152 0439 0407 0771 
0711 0077 0188 0545 0410 0705 
0711 0066 0140 0730 0413 0645 
0711 0065 0164 0587 0407 0705 
0711 0052 0100 0985 0411 0635 
0711 0030 0096 0377 0414 0673 
0711 0058 0132 0652 0413 0673 
0711 0030 0056 0120 0416 0649 
0711 0038 0076 0924 0411 0753 
0711 0019 0048 0263 0417 0792 
0711 0034 0100 0838 0413 0772 
0711 0032 0072 0882 0415 0761 
0711 0017 0048 0561 0421 0785 
0711 0039 0100 0806 0416 0757 
0711 0040 0088 0405 0426 0637 
0711 0048 0128 0572 0424 0655 
0711 0036 0096 0853 0427 0745 
0711 0033 0112 0716 0429 0609 
0711 0073 0152 0674 0429 0669 
0711 0055 0160 0637 0430 0603 
0711 0081 0176 0528 0433 0597 
0711 0089 0188 0680 0425 0701 
0711 0053 0128 0729 0429 0685 
0711 0063 0172 0731 0430 0661 
0711 0093 0252 0424 0425 0691 
0711 0072 0204 0620 0428 0683 
0711 0087 0252 0661 0426 0665 
0711 0067 0244 0730 0430 0685 
0711 0091 0204 0629 0428 0701 
0711 0092 0208 0543 0429 0733 
0711 0110 0240 0882 0429 061
007  000  011  004  000  000
711  118  308  653  433  781
711  145  264  678  435  832
711  156  260  600  436  809
711  168  288  626  436  832
711  160  324  699  436  825
711  131  280  4   07   03
01   09   06   06   08   07
1   05   08   09   07   03
01   08   02   04   05   09
01   06   08   07   04   04
1   02   06   07   04   06
01   02   02   07   05   00
01   03   02   07   04   08
1   00   04   06   01   08
01   01   00   09   00   05
01   07   06   03   01   03
1   09   06   01   05   09
01   09   06   03   06   01
01   04   04   00   02   03
1   02   00   04   09   01
01   07   02   06   05   03
01   08   06   02   00   07
1   03   04   07   01   05
01   08   02   03   09   07
01   05   04   01   06   05
1   06   02   07   00   07
01   03   00   09   4  066
071  003  007  048  044  063
071  003  008  041  045  059 
071  006  010  037  046  061
071  005  010  052  046  064
071  009  028  071  050  076
071  021  031  077  048  078
071  022  031  078  049  080
071  023  032  081  049  082
071  022  031  081  048  087
071  022  031  085  049  088
071  019  030  079  049  087
071  017  035  087  049  083
071  017  033  081  049  081
071  016  040  093  049  081
071  012  033 0602 0473 0784
0711 0175 0352 0716 0461 0821
0711 0145 0492 0585 0468 0837
0711 0120 0352 0535 0463 0836
0711 0124 0284 0588 0462 0844
0711 0086 0248 0647 0462 0812
0711 0066 0316 0904 0458 0845
0007 0000 0011 0005 0000 0000
0711 0068 0332 0230 0458 0829
0711 0077 0260 0486 0454 0841
0711 0096 0344 0455 0456 0839
0711 0090 0300 0151 0456 0829
0711 0086 0280 0557 0452 0853
0711 0077 0388 0148 0455 0831
0711 0098 0388 0026 0452 0841
0711 0094 0408 0612 0456 0856
0711 0083 0492 0071 0458 0837
0711 0074 0220 0578 0458 0865
0711 0076 0208 0421 0458 0860
0711 0089 0276 0132 0459 0853
0711 0103 0380 0449 0455 0864
0711 0050 0188 0030 0458 0877
0711 0080 0464 0576 0457 0871
0711 0129 0360 0538 0457 0872
0711 0140 0388 0476 0457 0876
0711 0114 0364 0742 0458 0880
0711 0143 0372 0652 0462 0884
0711 0129 0444 0552 0461 0881
0711 0133 0400 0912 0462 0888
0711 0106 0368 0490 0459 0881
0711 0129 0356 0592 0459 0889
0711 0187 0460 0681 0458 0885
0711 0172 0392 0600 0458 0879
711 0175 0456 0588 0457 0880
0711 0176 0392 0601 0454 0881
0711 0202 0444 0726 0454 0869
0711 0209 0392 0581 0453 0871
0711 0208 0352 0647 0456 0865
0711 0180 0368 0691 0459 0872
0711 0166 0340 0633 0456 0865
0711 0187 0340 0613 0456 0860
0711 0186 0368 0617 0456 0853
0711 0155 0288 0557 0463 0853
0711 0116 0364 0672 0460 0848
0711 0152 0332 0578 0458 0829
0711 0131 0284 0536 0459 0844
0711 0111 0264 0600 0457 0784
0711 0125 0252 0622 0461 0809
0711 0111 0240 0634 0461 0796
0711 0086 0224 0636 0465 0757
0711 0092 0196 0644 0460 0753
0711 0116 0224 0633 0454 0817
0711 0169 0292 0702 0453 0801
0711 0151 0308 0766 0462 0669
0711 0117 0240 0713 0451 0673
0711 0127 0276 0859 0462 0577
0007 0000 0011 0006 0000 0000
0711 0133 0244 0777 0459 0721
0711 0114 0208 0638 0467 0681
0711 0123 0260 0842 0458 0705
0711 0065 0132 0552 0471 0597
0711 0090 0176 0912 0457 0768
0711 0081 0148 0834 0457 0789
0711 0027 0064 0095 0464 0767
0711 0061 0120 0805 0451 0773
0711 0077 0116 0835 0463 0757
0711 0056 0108 0352 0457 0785
0711 0064 0160 0836 0451 0769
0711 0072 0124 1015 0455 0821
0711 0059 0116 0441 0455 0801
07110049 0108 0818 0446 0769 
0711 0090 0136 0846 0446 0809 
0711 0054 0116 0487 0459 0745 
0711 0081 0128 0450 0450 0761 
0711 0051 0088 0847 0439 0775 
0711 0086 0132 0874 0446 0793 
0711 0043 0092 0537 0450 0749 
0711 0074 0100 0518 0451 0789 
0711 0045 0096 0128 0462 0765 
0711 0029 0068 0874 0459 0765 
0711 0020 0056 0378 0465 0745 
0711 0048 0076 0568 0463 0776 
0711 0041 0068 0456 469  773
711  030  060  722  474  776
711  019  036  631  478  784
711  025  060  863  475  825
711  024  064  848  489  821
711  033  100  919  492  837
711  067  120  970  494  873
711  042  108  754  497  851
711  025  084  61   04   68
11   23   60   64   00   13
11   35   68   31   04   12
11   41   84   71   04   37
11   26   60   08   09   44
11   17   52   75   23   57
11   34   04   64   10   72
11   47   04   86   08   89
11   66   56   14   18   04
11   18   28   33   31   57
11   31   52   03   33   57
11   35   44   15   37   45
11   52   52   03   41   85
11   47   32   16   39   85
11   66   84   03   41   85
07   00   11   07   00   00
11   92   84   73   44   48
11   00   04   46   40   25
11   20   52   13   45   33
11   29   32   62   36   88
11   20   44   61   41   93
11   30   76   63   34   92
11   16   60      05   09
07   00   00   02   05   09
07   00   00   04   05   08
07   00   00   05   05   08
07   00   01   05   05   09
07   00   00   05   05   09
07   00   00   05   05   09
07   00   00   05   05   09
07   00   00   03   05   09
07   00   00   04   05   09
07   00   00   05   05   09
07   00   00   05   05   09
07   00   00   03   05   09
07   00   00   03   05   09
07   00   00   02   05   09
07   00   00   09   01  093
071  002  006  032  051  093
071  001  004  020  051  093
071  001  005  095  051  093
071  003  006  096  051  093
071  001  005  085  051  093
071  001  006  075  051  093
071  001  004  082  052  093
071  001  003  096  052  093
071  002  004  091  052  092
071  001  004  032  052  092
071  002  005  034  052  091
071  001  004  060  052  089
071  002  004  078  052  087
071  001  004  093  052  089
071  002  006  004  052  089
071  001  003  033  054  086
071  001  003  008  056  085
071  001  002  029  052  084
071  001  004  023  052  088
071  001  004  022  051  088
071  003  007  034  051  091
071  001  006  099  052  085
071  003  005  054  051  088
071  002  004  038  051  089
071  003  008  033  050  090
071  003  007  054  051  076
000  000 0011 0008 0000 0000
0711 0024 0068 0865 0510 0840
0711 0044 0092 0348 0499 0852
0711 0048 0084 0856 0503 0800
0711 0048 0100 0426 0494 0825
0711 0070 0132 0426 0502 0689
0711 0110 0176 0803 0493 0725
0711 0110 0564 0705 0492 0486
0711 0140 0388 0374 0496 0432
0711 0088 0268 0313 0487 0573
0711 0090 0236 0401 0486 0508
0711 0090 0308 0206 0481 0593
0711 0106 0252 0641 0481 0561
0711 0152 0376 0691 0480 0625
0711 0154 0348 0693 0464 0765
0711 0150 0324 0786 0470 0717
0711 0145 0364 0816 0481 0571
0711 0141 0312 0737 0476 0657
0711 0144 0372 0730 0477 0599
0711 0126 0280 0783 0465 0737
0711 0137 0372 0859 0469 0755
0711 0136 0328 0780 0465 0780
0711 0126 0392 0896 0468 0813
0711 0142 0388 0922 0468 0747
0711 0144 0352 0820 0469 0761
0711 0125 0304 0865 0473 0629
0711 0142 0368 0902 0475 0661
0711 0116 0356 09360473 0693 
0711 0118 0332 0872 0467 0721 
0711 0108 0368 0833 0466 0765 
0711 0120 0376 0794 0469 0701 
0711 0103 0344 0818 0473 0753 
0711 0136 0372 0732 0469 0697 
0711 0133 0336 0808 0471 0717 
0711 0143 0304 0680 0465 0685
711  162  324  752  469  729
711  170  428  695  464  717
711  183  392  824  466  701
711  185  368  768  467  681
711  206  400  775  473  657
711  209  396  706  472  649
711  208  432  786  479  561
711  215  416  719  473  649
711  189  336  804  467  741
711  136  284  692  456  701
711  170  324  824  458  697
711  169  344  779  58   49
11   07   04   13   67   33
11   27   96   32   61   21
07   00   11   09   00   00
11   34   44   87   56   81
11   38   44   08   67   81
11   42   40   39   72   59
11   61   60   17   72   05
11   54   52   25   75   33
11   36   00   20   66   73
11   60   68   61   69   21
1   04   04   02   08   07
1   03   00   00   05   01
01   07   02   06   03   07
01   09   00   05   03   03
1   08   02   06   06   09
01   04   02   03   01   01
01   09   04   00   00   01
1   03   08   09   02   05
01   09   00   03   02   05
01   00   04   00   07   05
1   09   00   05   05   01
01   06   00   08   09   09
01   01   06   09   02   07
1   03   08   05   0   06
07   00   01   05   04   07
07   00   01   04   04   07
07   00   00   09   04   06
07   00   00   06   04   06
07   00   00   05   04   07
07   00   00   05   06  069
071  003  006  028  046  079
071  004  008  040  046  077
071  003  006  046  047  079
071  003  006  019  047  079
071  003  006  015  047  071
071  003  006  023  047  076
071  005  008  037  047  070
0711 0044 0076 0155 0473 0697
0711 0051 008 0197 0473 0705 
0711 0042 0076 0442 0480 0697 
0711 0061 0096 0433 0472 0741 
0711 0054 0100 0206 0471 0777 
0711 0047 0096 0068 0473 0745 
0711 0067 0132 0378 0472 0792 
0711 0055 0096 0435 0472 0781 
0711 0040 0072 0374 0471 0753 
0711 0031 0056 0267 0472 0717 
0711 0039 0072 0306 0469 0757 
0711 0027 0052 0310 0467 0792 
0711 0020 0044 0070 0466 0817 
0711 0006 0036 0399 0466 0768 
0007 0000 0011 0010 0000 0000 
0711 008  064  210  464  753
711  024  076  012  463  713
711  013  036  103  462  737
711  030  056  749  457  753
711  027  060  397  461  689
711  021  052  040  461  675
711  055  156  653  461  693
711  043  092  749  460  701
711  053  108  221  461  669
711  055  084  106  459  737
711  053  160  556  460  717
711  064  116  369  457  757
711  059  188  164  460  745
711  039  092  241  459  773
711  066  112  23   56   57
11   77   24   81   56   89
11   75   12   80   57   93
11   86   24   61   57   93
11   83   56   17   56   95
11   35   80   42   54   96
11   89   56   00   55   73
11   64   20   83   57   07
11   44   52   20   63   41
11   66   52   36   67   01
11   79   52   83   71   65
11   48   96   46   73   65
11   35   88   70   74   37
11   46   96   36   73   21
11   33   72   79   72   49
11   33   88   88   74   41
11   27   60   81   75   57
11   42   92   66   76   09
11   40   72   35   77   61
11   32   80   90   81   37
11   16   36   23   85   13
11   57   28   44   73   65
1   08   06   06   09   04
01   03   00   02   03   03
01   08   06   08   03   09
1   09   06   02   04   07
01   00   08   01   04   09
01   09   04   09   03   07
1   02   00   04   7  073
071  004  009  026  047  076
071  004  011  025  047  078
071  005  011  030  047  080
071  004  008  018  047  082
071  006  012  001  047  080
000  000  001  001  000  000
071  006  012  034  046  077
071  006  012  012  073 0699
0711 0084 0184 0047 0468 0723
0711 0098 0180 0165 0467 0745
0711 0090 0192 0385 0466 0757
0711 0077 0148 0200 0477 0631
0711 0059 0120 0016 0464 0741
0711 0066 0156 00410465 0733 
0711 0068 0156 0201 0463 0709 
0711 0096 0160 0150 0459 0745 
0711 0072 0184 0299 0455 0689 
0711 0066 0196 0064 0454 0745 
0711 0065 0148 0209 0460 0679 
0711 0037 0088 0445 0456 0653 
0711 0047 0152 0295 0463 0591 
0711 0057 0120 0146 0458 0613 
0711 0071 088  658  456  669
711  044  108  293  456  661
711  041  096  325  456  637
711  080  204  945  454  639
711  076  256  646  450  633
711  072  160  251  54   37
11   79   56   68   59   73
11   67   00   99   58   53
11   61   20   17   55   85
11   67   16   76   53   17
11   75   24   70   53   69
11   22   64   17   55   37
11   25   68   15   60   45
11   35   96   66   60   01
11   42   00   50   54   53
11   39   76   79   53   33
11   58   72   24   57   25
11   33   68   36   62   33
1   00   04   03   07   05
01   01   08   0   04   08
07   00   01   05   04   06
07   00   02   06   04   06
07   01   02   06   04   06
07   01   02   07   04   07
07   00   02   06   04   05
07   00   01   07   04   05
07   01   02   06   04   06
07   00   01   06   04   06
07   00   01   08   04   06
07   00   01   08   04   06
07   00   00   07   04   06
07   00   00   09   04   06
00   00   00   00   00   00
07   00   00   01  046  060
071  004  010  075  044  069
071  003  005  089  045  072
071  004  007  075  044  073
071  003  005  075  045  074
071  004  006  076  045  076
071  003  007  074  045  069
071  002  004  074  045  070 
0711 0038 0072 0730 0448 0725
0711 0040 0068 0945 0465 0625
0711 0035 0056 0805 0451 0717
0711 0042 0068 0375 0453 0733
0711 0056 0112 0888 0457 0759
0711 0050 0088 0536 0451 0725
0711 0036 0084 075 0434 0745 
0711 0056 0084 0886 0456 0733 
0711 0016 0056 0218 0456 0753 
0711 0037 0072 0785 0455 0741 
0711 0035 0076 0246 0446 0785 
0711 0045 0080 0783 0455 0817 
0711 0035 0164 0234 0453 0793 
0711 0062 0144 0721 0446 0789 
0711 0027 0068 0358 0451 0761 
0711 0105 0256 0800 0455 0753 
0711 0134 0324 0883 0457 0709 
0711 0061 0172 0053 0471 0685 
0711 0027 0092 0956 0479 0729 
0711 0044 0088 0067 0487 0633 
0711 0027 0080 0033 0508 0589 
0711 0022 0048 0203 0490 0607 
0711 0013 0032 0425 0502 565
711  015  040  172  496  575
711  022  036  319  489  621
711  025  052  569  487  691
711  039  56   09   85   01
11   28   48   70   90   29
11   20   48   38   00   21
11   20   40   82   89   77
11   23   48   54   84   04
11   15   28   18   89   09
11   29   52   65   83   29
11   34   64   67   86   20
11   15   44   93   91   49
1   06   04   06   05   05
01   05   04   02   04   07
7   00   01   02   02   02
01   02   08   06   02   01
01   05   08   00   07   02
1   01   00   01   05   03
01   06   04   01   0   09
00   00   00   00   00   00
07   00   00   00   04   09
07   00   00   02   04   09
07   00   00   05   04   09
07   00   00   09   04   09
07   00   00   00   04   09
07   00   00   03   04   09
07   00   00   04   04   08
07   00   00   00   04   08
07  001  003  080  047  087
071  001  003  032  047  084
071  001  003  057  047  086
071  000  002  084  047  084
071  002  004  023 0467 0821
0711 0028 0060 0801 0471 0848
0711 0018 0040 0190 04750869 
0711 0013 0048 0167 0473 0897 
0711 0023 0052 0959 0474 0899 
0711 0018 0040 0508 0474 0865 
0711 0057 0112 0958 0472 0861 
0711 0049 0104 0318 0476 0737 
0711 0095 0304 0821 0474 0721 
0711 0070 0252 0616 0467 0597 
0711 0077 0180 0892 0471 0633 
0711 0119 0252 0898 0465 0585 
0711 0106 0308 0866 0471 0617 
0711 0102 0272 0818 0468 0629 
0711 0111 0268 0958 0466 0625 
0711 0083 0260 0993 0467 0677 
0711 0132 0272 0774 0449 0749 
0711 0173 0296 0694 0451 0741 
071  173  312  683  454  725
711  164  296  643  451  793
711  146  244  658  460  679
711  123  256  824  453  741
711  077  224  610  466  725
711  60   32   14   68   77
11   78   16   56   57   49
11   29   16   42   76   93
11   75   20   97   65   00
11   46   08   07   73   81
11   67   72   39   66   21
11   41   76   09   73   09
11   69   64   56   67   43
11   95   44   41   63   49
11   53   00   36   72   41
11   26   76   14   65   97
11   48   88   86   58   53
11   79   12   83   58   77
07   00   11   14   00   22
11 00   01   09   04   07
07   00   00   05   04   07
07   00   00   04   04   07
07   00   00   10   04   07
07   00   00   08   04   07
07   00   00   09   04   07
07   00   00   09   04   07
07   00   00   10   04   07
07   00   00   00   04  075
071  002  005  001  045  076
071  003  008  094  045  072
071  007  010  092  045  074
071  008  011  092  045  075
071  010  014  088  045  076
071  010  015  089  058 0776
0711 0102 0152 0924 0457 0809
0711 0117 0156 0935 0458 0857
0711 0109 0172 1006 0459 0881
0711 0114 0168 0980 0460 0889
0711 0144 0192 0934 04600885 
0711 0144 0200 0954 0462 0901 
0711 0159 0208 0930 0466 0901 
0711 0150 0220 0974 0469 0905 
0711 0142 0220 0964 0469 0905 
0711 0149 0212 0948 0469 0905 
0711 0135 0204 0927 0470 0905 
0711 0129 0224 1017 0472 0908 
0711 0132 0216 0972 0474 0908 
0711 0148 0248 0948 0477 0909 
0711 0166 0260 0987 0479 0912 
0711 0173 0268 0957 0481 0913 
0711 0175 0288 0921 0483 0913 
0711 0155 0256 0910 0484 0917 
0711 0151 0220 0924 0485 0917 
0711 0132 0192 0943 0486 0917 
0711 0121 0204 0939 0488 0919 
0711 0131 0220 0897 0492 0921 
0711 0136 0212 0938 0497 0921 
0711 0101 0184 0853 0501 0924 
0711 0094 0156 0915 0507 0925 
0711 0104 0180 0908 0506 0925 
0711 0117 0180 0903 0501 0929 
0711 0105 0164 0921 0500 0928 
0711 0104 0184 0907 0497 0929 
0711 0103 0160 0914 0498 0929 
0711 0099 0156 0917 0496 0929 
0711 0083 0136 0940 0495 0929 
0711 0077 0124 0944 0493 0928 
0007 0000 0011 0015 0000 0022 
0711 0085 0140 0925 0494 0929 
0711 0074 0124 0978 0492 0929 
0711 0059 0096 0979 0489 0928 
0711 0053 0088 0919 0486 0925 
0711 0046 0080 0977 0486 0925 
0711 0040 0060 957  486  925
711  037  048  964  486  25
11   32   48   40   86   25
11   26   36   54   86   25
11   19   32   54   80   24
11   13   28   53   62   17
11   38   52   46   59   13
11   48   64   41   7   06
01   09   04   04   07   00
01   05   08   07   08   00
01   07   02   07   01   00
01   05   00   08   02   01
01   01   00   08   06   06
01   05   04   0   04   09
07   00   01   04   04   09
07   00   01   05   04   02
071  007  010  056  048  092
071  006  009  052  048  091
071  008  011  056  048  091
071  007  013  057 0490 0905
0711 0041 0144 0727 0502 0917
0711 0027 0052 0837 0508 0917
0711 0031 0092 0836 0508 0912
0711 0042 0132 0823 0506 0904
0711 0073 0180 0583 0497 0892
0711 0129 02280537 0495 0909 
0711 0131 0208 0514 0494 092
711  119  192  533  494  921
711  104  44   07   92   25
11   09   48   29   90   5
01   07   04   09   02   05
01   0   01   05   04   09
07   01   01   05   04   09
07   01   01   05   04   09
07   01  015  054  049  092
071  011  015  054  049  092
071  010  014  054  048  092
071  009  013  054  048 0924
0711 0101 0140 0549 0485 0924
0711 0104 0140 0528 0485 0921
0711 0106 0148 0543 0485 09
711  089  140  519  481  921
711  091  132  515  477  921
007  000  011  016  000  022
711  084  116  499  471  923
711  078  116  496  469  920
711  078  116  542  465  916
711  072  104  521  459  913
711  062  088  546  455  913
711  049  068  539  453  912
711  044  064  565  448  909
711  022  048  767  443  905
711  023  036  767  440  905
711  023  036  767  426  897
711  022  032  768  431  901
711  030  040  768  435  901
711  023  036  769  437  903
711  021  040  769  453  909
711  011  020  769  457  909
711  001  016  770  457  912
711  008  024  770  457  909
711  014  024  770  459  912
711  031  048  941  459  913
711  044  064  904  459  913
711  045  076  956  459  913
711  049  080  894  463  913
711  049  088  908  466  917
711  047  084  975  470  917
711  051  084  943  472  921
711  067  100  949  475  921
711  064  096  954  476  921
711  071  100  951  481  921
711  076  104  931  482  921
711  076  112  940  490  925
711  081  116  918  493  925
711  085  120  919  492  928
711  101  160  909  488  925
711  117  172  928  493  925
711  108  148  899  497  929
711  097  140  918  497  932
711  080  112  949  498  932
711  068  108  953  499  932
711  059  092  955  499  932
711  064  096  900  499  933
711  048  084  903  498  933
711  029  068  928  502  933
711  048  072  961  499  933
711  047  072  973  501  933
711  044  072  896  498  933
711  047  080  875  493  933
711  032  064  956  496  932
711  010  036  443  499  933
007  000  011  017  000  022
711  019  032  421  492  933
711  024  044  562  492  933
711  018  036  520  489  932
711  021  040  444  487  932
711  018  036  414  485  932
711  006  020  414  485  929
711  017  032  622  484  929
711  011  032  609  480  929
711  000  004  434  476  929
711  021  036  426  478  928
711  015  028  427  476  925
711  003  012  427  474  925
711  000  004  425  472  925
711  009  016  24   57   17
11   11   24   36   65   20
11   09   16   39   65   21
11   05   20   25   69   21
11   04   12   25   64   21
11   03   16   25   62   17
11   11   16   25   62   17
11   10   20   25   64   17
11   17   28   98   66   17
11   28   40   47   70   21
11   27   40   51   76   21
11   19   28   35   80   24
11   13   24   21   90   25
11   03   16   11   97   29
11   11   16   11   95   29
11   18   24   42   89   25
1   01   08   00   02   04
01   03   04   09   02   05
1   05   08   04   09   02
01   01   00   06   02   03
01   02   04   13   03   09
0711   00   00   01   05   09
07   00   00   02   05   08
07   00   00   02   04   09
07   00   00   03   04   09
07   00   00   04   04   09
07   00   00   01   05   09
07   00   00   02   04   08
07   00   00   02   04   08
07   00   00   04   04   09
07   00   00   03   04   09
07   00   00   04   04   09
07   00   00   04   04   09
07   00   00   04   04   09
07   00   00   04   04   09
00  000  001  001  000  002
071  001  002  045 0475 0916
0711 0016 0028 0450 0466 0913
0711 0018 0028 0450 0468 0916
0711 0018 0024 0450 0470 0913
0711 0009 0020 0450 0475 0917
0711 0018 0032 0450 0476 0921
0711 0028 0040 0451 0478 0929
0711 0024 0048 0451 0458 0905
0711 0018 0028 0451 0462 0884
0711 0023 0032 0450 0467 0883
0711 0023 0032 0450 0465 0896
0711 0026 0048 0450 0474 0917
0711 0038 0084 0451 0472 0905
0711 0026 0056 0451 0472 0889 
0711 0016 0040 0451 0472 0921 
0711 0004 0012 0451 0472 0925 
0711 0020 0068 0451 0468 0901 
0711 0039 0092 0451 0472 0829 
0711 0066 0132 0587 0467 0885 
0711 0097 0152 0530 0464 0896 
0711 0108 0156 0682 0467 0897 
0711 0105 0176 0560 0464 0881 
0711 0104 0152 0576 0464 0864 
0711 0109 0172 0550 0463 0897 
0711 0115 0156 0554 0464 0897 
0711 0108 0160 0542 0463 0901 
0711 0117 0176 0576 0464 0908 
0711 0121 0180 0548 0465 0908 
0711 0121 0180 0558 0465 0905 
0711 0129 0180 0556 0464 0900
711  128  188  520  468  897
711  097  196  668  479  885
711  056  152  567  473  877
711  041  136  363  482  865
711  048  120  930  487  853
711  050  100  025  483  869
711  025  068  918  483  833
711  024  040  291  495  829
711  037  104  329  477  853
711  027  116  143  483  869
711  019  052  722  483  836
711  026  076  910  481  853
711  036  06   36   78   57
11   44   80   35   74   45
11   30   48   4   04   00
01   09   08   04   01   05
01   06   06   03   07   07
1   05   00   07   04   02
07   00   01   09   00   02
01   02   06   07   01   09
1   08   02   07   07   05
01   08   02   07   09   08
01   06   06   07   08   09
1   06   08   07   08   00
01   04   04   07   07   01
01   07   04   07   07   05
1   07   0   09   04   08
07   00   00   09   04   08
07   00   00   09   04   08
07   00   00   09   04   08
07   00   00   09   04   08
07   00   00   09   04   08
07   00   00   09   04   08
07   00   00   09   04   08
07   00   00   09   04   08
07   00   00   09   04   08
07   00   00   09   04   08
07   00   00   09   04   08
07   00   00   09   04   08
07   00   00   09   04   08
07   00   00 0926 0455 0865
0711 0016 0036 0926 0455 0839
0711 0017 0036 0926 0455 0853
0711 0042 0068 0927 0456 0855
0711 0056 0072 0926 0458 0857
0711 0024 0056 0897 0471 0821
0711 0009 0028 0041 0470 0777
0711 0042 0072 0033 0463 0853
0711 0047 0076 0143 0459 0877
0711 0032 0076 0284 0462 0833
0711 0028 0052 0505 0474 0824
0711 0025 0056 0430 0468 0828
0711 0040 0060 0475 0474 0820
0711 0026 0060 0513 0484 0761
0711 0010 0044 0168 0475 0733
0711 0024 0048 0471 0475 0780
0711 0031 0056 0552 0477 0801
711 0038 0056 0569 0481 0781
0711 0035 0060 0437 0481 0765
0711 0021 0028 0274 0479 0769
0711 0020 0040 0449 0481 0793
0711 0032 0052 0460 0482 0791
0711 0039 0052 0466 0481 0797
0711 0050 0068 0509 0478 0824
0711 0043 0064 0509 0476 0828
0711 0014 0036 0510 0477 0808
0711 0018 0036 0510 0473 0857
0007 0000 0011 0020 0000 0022
0711 0015 0028 0510 0475 0793
0711 0026 0048 0510 0474 0757
0711 0014 0040 0510 0472 0749
0711 0016 0056 0510 0472 0780
0711 0027 0080 0511 0474 0761
0711 0029 0088 0511 0468 0777
0711 0038 0084 0510 0466 0757
0711 0064 0152 0859 0475 0856
0711 0074 0140 0981 0478 0893
0711 0114 0216 0923 0478 0901
0711 0118 0200 0916 0477 0905
0711 0112 0184 0912 477 0905 
0711 0114 0208 0916 0477 0905 
0711 0124 0212 0923 0476 0909 
0711 0110 0204 0916 0480 0913 
0711 0079 0172 0850 0483 0912 
0711 0106 0180 0858 0486 0916 
0711 0106 0184 0878 0486 0917 
0711 0060 0232 0803 0471 0859 
0711 0035 0068 0625 0466 0857 
0711 0048 0092 0622 0466 0845 
0711 0033 0056 0457 0483 0825 
0711 0041 0064 0358 0485 0872 
0711 0031 0052 0588 0487 0875 
0711 0048 0088 0516 0491 0853 
0711 0030 0052 0224 0489 0852 
0711 0083 0140 0495 0490 0896 
0711 0084 0120 0356 05   16
11   60   16   08   88   41
11   63   36   40   91   36
11   71   24   96   85   09
11   32   68   88   92   84
11   73   32   42   96   39
11   50   08   47   92   13
11   53   40   15   90   55
11   13   08   67   87   77
11   02   00   32   98   17
11   55   20   52   88   40
11   31   72   16   01   67
11   47   32   94   02   53
11   38   80   09   98   53
711   00   00   07   05   07
07   00   00   09   05   08
07   00   01   08   05   08
07   00   01   08   05   08
07   01   02   09   05   08
07   01   02   09   05   08
07   01   02   09   05   09
00   00   00   00   00   00
07   01   02   08   05   09
07   01   02   08   05   09
07   01   02   08   05   09
07   01   02   05   05   09
07   00   00   04   05   09
07   00   01   04   05   09
071  005  009  064  052  088
071  006  011  047  053  084
071  005  008  058  051  091
071  005  014  042  053  084
071  006  012  044  051  092
071  011  022  036  051  087
071  008  017  057  054  086
071  011  025  028  050  090
071  011  027  055  052  079
071  010  021  054  050  089
071  014  024  058  050  090
071  008  020  066  050  086
071  010  019  019  050  090
071  008  014  056  051  079 
0711 0063 0136 0561 0502 0897
0711 0066 0132 0175 0497 0901
0711 0041 0096 0517 0501 0912
0711 0047 0116 0104 0499 0916
0711 0037 0084 0539 0502 0920
0711 0054 0104 0121 0505 0909
0711 0031 0068 1015 0501 0921
0711 0038 0068 0510 0501 0919
0711 0037 0092 0751 0505 0905
0711 0031 0064 0103 0506 0909
0711 0017 0036 0586 0526 0817
0711 0014 0036 0737 0520 0785
0711 0061 0228 0541 0501 0869
0711 0161 0232 0556 0495 0896
0711 0163 0224 0562 0490 0893
0711 0181 0260 0566 0478 0905
0711 0170 0260 0533 0475 0905
0711 0178 0252 0579 0476 0901
0711 0171 0280 0590 0477 0900
0711 0139 0252 0616 0487 0852
0711 0112 0248 0561 0496 0757
0711 0060 0160 0870 0496 0808
0711 0070 0256 0473 0506 0725
0711 0042 0112 0925 0489 0788
0711 0058 0192 0009 0494 0725
0711 0057 0268 089 0484 0701 
0711 0045 0180 0088 0479 0757 
0711 0043 0128 0805 0492 0569 
0007 0000 0011 0022 0000 0022 
0711 0045 0172 1004 0466 0769 
0711 0064 0196 0741 0472 0669 
0711 0025 0096 0827 0461 0759 
0711 0078 0168 0932 0467 0699 
0711 0034 0172 0813 0459 0731 
0711 0117 0256 0955 0462 0717 
0711 0035 0168 0771 0463 0697 
0711 0111 0208 0775 0464 0709 
0711 0101 0272 0786 0470 0665 
0711 0100 0184 0932 0467 0701 
0711 0141 0376 0875 0480 0617 
0711 0102 0272 0640 0496 0653 
0711 0086 0224 0930 0483 0625 
0711 0075 0176 0696 0475 0701 
0711 0060 0240 0773 0468 0741 
0711 0077 0160 0692 0475 0717 
0711 0066 0184 0805 0476 0727 
0711 0057 0136 0799 0470 0777 
0711 0059 0136 0091 0481 0729 
0711 0049 0148 0730 0504 0641 
0711 0120 0344 0914 0487 0703 
0711 0086 0228 0666 0524 0553 
0711 0153 0308 0879 0486 0777 
0711 0069 0176 0356 0489 0768 
0711 0058 0152 0912 0489 0808 
0711 0074 0116 0878 0490 0793 
0711 0061 0168 0660 042  801
711  054  144  996  500  809
711  040  112  239  503  792
711  045  120  332  500  833
711  046  08   23   01   28
11   46   60   90   05   17
11   26   80   07   15   81
11   44   88   91   09   05
11   66   00   43   05   49
11   40   96   03   09   89
11   18   44   96   24   89
11   59   04   50   06   28
11   46   08   35   14   93
11   00   00   09   04   08
07   00   00   06   16 0776
0711 0039 0088 0565 0532 0757
0711 0040 0084 0493 0513 0828
0711 0038 0088 0080 0546 0737
0711 0020 0044 0192 0505 0853
0711 0024 0060 0178 0496 0904
0711 0015 0036 0411 0497 0917
0711 0014 0032 0123 0495 0921
0007 0000 0011 0023 0000 0022
0711 0005 0028 0075 0497 0925
0711 0013 0044 0059 0493 0928
0711 0080 0176 0924 0541 0721
0711 0103 0176 0894 0533 0777
0711 0113 0196 0946 05110733 
0711 0109 0164 0913 0524 0521 
0711 0120 0188 0919 0517 0741 
0711 0129 0216 0918 0507 0831 
0711 0105 0196 0999 0491 0901 
0711 0118 0172 0900 0489 0921 
0711 0121 0184 0965 0490 0924 
0711 0116 0176 0969 0490 0925 
0711 0119 0184 0940 0502 0919 
0711 0122 0196 0913 0502 0925 
0711 0139 0208 0938 0504 0928 
0711 0133 0216 0946 0502 0929 
0711 0123 0200 0985 0503 0929 
0711 0098 0184 0791 0505 0932 
0711 0038 0072 0507 0505 0933 
0711 0065 116  516  501  933
711  035  076  356  502  933
711  016  036  849  505  933
711  025  056  263  506  933
711  011  040  897  509  933
711  014  056  289  514  933
711  022  060  842  517  933
711  038  124  537  516  925
711  052  164  859  518  879
11   38   92   44   21   89
11   18   60   22   25   77
11   13   40   42   29   25
11   36   72   26   24   75
11   45   88   33   16   73
11   37   16   68   22   25
1   07   02   06   04   00
01   00   02   01   02   01
01   07   04   09   07   05
1   04   06   05   08   09
01   01   0  041  051  078
071  004  010  020  051  079
071  005  016  056  051  074
071  008  019  034  050  079
071  009  014  022  050  079
071  008  017  031  050  082
071  008  012  031  050  084
071  006  009  032  050  082
071  005  008  041  050  082
071 0047 0080 0326 0499 0845
0007 0000 0011 0024 0000 0022
0711 0040 0096 0445 0501 0817
0711 0045 0076 0360 0498 0835
0711 0036 0072 0488 0495 0863
0711 0038 0072 0341 0495 0853
0711 0036 0072 0329 0496 0836
0711 0039 0076 0687 0492 0863
0711 0050 0152 0730 0502 0781
0711 0170 0292 0813 0489 0845
0711 0163 0264 0660 0489 0857
0711 0143 0272 0665 0489 0851
0711 0148 0292 0832 0489 0872
0711 0156 0292 0662 0488 0824
0711 0092 0264 0162 0488 0849
0711 0063 0200 0719 0488 0841
0711 0066 0184 0434 0487 0857
0711 0070 0180 0365 0486 0893
0711 0062 0188 0382 0486 0901
0711 0083 0224 0204 0488 0847
0711 0048 0120 0286 0486 0912
0711 0056 0244 0777 0486 0905
0711 0048 0104 0111 0487 0921
0711 0071 0232 0848 0489 0865 
0711 0048 0124 0235 0488 0908 
0711 0056 0128 0717 0490 0896 
0711 0066 0260 0754 0491 0885 
0711 0059 0128 0287 0499 0853 
0711 072  148  749  491  861
711  072  144  346  495  761
711  071  120  783  495  821
711  030  084  889  500  797
711  063  108  985  500  757
711  026  060  841  503  765
711  049  096  975  500  765
711  031  64   28   01   61
11   72   40   06   98   33
11   49   32   4   04   00
01   06   02   05   03   03
01   01   02   08   03   05
1   09   06   01   04   07
01   09   06   05   00   0
07   00   00   08   05   08
07   00   01   09   05   07
07   00   00   08   04   08
071  008  013  088  049  078
071  006  014  028  049  082
071  005  010  088  049  080
071  007  014  030  049  081
071  004  008  087  049  084
000  000  001  002  000  002
071  005  008  090  049  083
071  002 0072 0519 0490 0869
0711 0016 0048 0879 0492 0848
0711 0046 0084 0952 0492 0849
0711 0030 0080 0486 0485 0825
0711 0056 0112 0237 0489 0901
0711 0056 0104 0909 0490 0881
0711 0041 0104 0493 0487 0921
0711 0075 0116 0513 0488 0921
0711 0039 0092 0940 0484 0925
0711 0062 0100 0939 0485 0925
0711 0038 0096 0492 0481 0921
0711 0089 0176 0514 0478 0908
0711 0056 0124 0875 0486 0893
0711 0032 0068 0312 0483 0913
0711 0042 0072 0507 0493 082 
0711 0043 0084 0351 0497 0776 
0711 0022 0056 0477 0496 0809 
0711 0047 0100 0431 0495 0833 
0711 0070 0116 0546 0505 0801 
0711 0027 0076 0659 0503 0867 
0711 0035 0108 0532 0510 0860 
0711 0055 0124 0454 0508 0881 
0711 0064 0164 0413 0521 0861 
0711 0044 0108 0420 0525 0857 
0711 0061 0228 0766 0629 0573 
0711 0113 0392 0618 0648 0480 
0711 0074 0268 0645 0640 0372 
0711 0102 0256 0607 0646 0320 
0711 0107 0312 0635 0638 0296 
0711 0102 0236 0711 631  354
711  138  324  643  635  398
711  123  296  714  638  336
711  161  300  646  620  360
711  202  388  729  625  374
711  023  023  023  023  023
711  023  023  023  023  023
711  023  023  023  023  023
711  023  023  023  023  023
711  023  023  023  023  023
711  023  023  023  023  023
711  023  023  023  023  023
711  023  023  023  023  023
711  023  023  023  023  023
711  023  023  023  023  023
