  0.0000000e+000  1.0631387e+003  4.0000000e+001  4.3383365e+002
  3.6636167e+002  9.5692464e+002  6.0000000e+001  7.9010481e+002
  8.4089247e+002  8.6659745e+002  6.4882048e+001  9.3939499e+002
  1.3516925e+003  7.5531863e+002  7.0137241e+001  1.0405598e+003
  1.8264972e+003  6.7758875e+002  7.5022107e+001  1.0401350e+003
  2.3103440e+003  5.8819161e+002  8.0000000e+001  9.3487141e+002
  2.8029274e+003  4.9564985e+002  1.2300000e+002  9.7019582e+002
  3.2700974e+003  4.1221929e+002  1.1426405e+002  6.0824526e+002
  3.7655089e+003  3.0233915e+002  1.0500000e+002  3.9700935e+002
  4.1603607e+003  1.8829394e+002  6.0000000e+001  4.4427650e+002
