  4.0844210e+005  4.1177311e+006  5.3801000e+002
  4.0845078e+005  4.1177105e+006  5.3845545e+002
  4.0845946e+005  4.1176898e+006  5.3890091e+002
  4.0846814e+005  4.1176692e+006  5.3934636e+002
  4.0847682e+005  4.1176486e+006  5.3979182e+002
  4.0848550e+005  4.1176279e+006  5.4023727e+002
  4.0849418e+005  4.1176073e+006  5.4068273e+002
  4.0850286e+005  4.1175867e+006  5.4112818e+002
  4.0851154e+005  4.1175661e+006  5.4157364e+002
  4.0852022e+005  4.1175454e+006  5.4201909e+002
  4.0852890e+005  4.1175248e+006  5.4246455e+002
  4.0853757e+005  4.1175042e+006  5.4291000e+002
  4.0854625e+005  4.1174836e+006  5.4335545e+002
  4.0855493e+005  4.1174629e+006  5.4380091e+002
  4.0856361e+005  4.1174423e+006  5.4424636e+002
  4.0857229e+005  4.1174217e+006  5.4469182e+002
  4.0858097e+005  4.1174010e+006  5.4513727e+002
  4.0858965e+005  4.1173804e+006  5.4558273e+002
  4.0859833e+005  4.1173598e+006  5.4602818e+002
  4.0860701e+005  4.1173392e+006  5.4647364e+002
  4.0861569e+005  4.1173185e+006  5.4691909e+002
  4.0862437e+005  4.1172979e+006  5.4736455e+002
  4.0863305e+005  4.1172773e+006  5.4781000e+002
