  1.0000000e+000  0.0000000e+000  0.0000000e+000
  2.0000000e+000  3.1107934e+002  4.3383365e+002
  3.0000000e+000  6.7453029e+002  7.9010481e+002
  4.0000000e+000  1.1491364e+003  9.3939499e+002
  5.0000000e+000  1.6571908e+003  1.0405598e+003
  6.0000000e+000  2.1270859e+003  1.0401350e+003
  7.0000000e+000  2.6204962e+003  9.3487141e+002
  8.0000000e+000  3.1471729e+003  9.7019582e+002
  9.0000000e+000  3.6369253e+003  6.0824526e+002
  1.0000000e+001  4.1466285e+003  3.9700935e+002
  1.1000000e+001  4.5494958e+003  4.4427650e+002
  1.2000000e+001  4.8899741e+003  0.0000000e+000
