106,303,1800,0
106,303,1830,1.01
106,303,1900,1.01
106,303,1930,1.01
106,303,2000,1.007
106,303,2030,1.002
106,303,2100,1.002
106,303,2130,1.01
106,303,2200,1.015
106,303,2230,1.025
106,303,2300,.987
106,303,2330,1.017
106,303,2400,1.01
106,304,30,1.015
106,304,100,.995
106,304,130,.992
106,304,200,1.002
106,304,230,.992
106,304,300,1.002
106,304,330,1.005
106,304,400,1.007
106,304,430,1.007
106,304,500,1.007
106,304,530,1.007
106,304,600,1.007
106,304,630,1.007
106,304,700,1.012
106,304,730,1.007
106,304,800,1.01
106,304,830,1.002
106,304,900,1
106,304,930,.98
106,304,1000,.982
106,304,1030,1.015
106,304,1100,.995
106,304,1130,1.005
106,304,1200,1.027
106,304,1230,1.035
106,304,1300,1.027
106,304,1330,1.012
106,304,1400,1.005
106,304,1430,1.007
106,304,1500,.985
106,304,1530,.992
106,304,1600,.95
106,304,1630,.957
106,304,1700,.95
106,304,1730,.942
106,304,1800,1
106,304,1830,.995
106,304,1900,.922
106,304,1930,.975
106,304,2000,.975
106,304,2030,.817
106,304,2100,.787
106,304,2130,.872
106,304,2200,.967
106,304,2230,.982
106,304,2300,.967
106,304,2330,.915
106,304,2400,.967
106,305,30,.947
106,305,100,.982
106,305,130,.972
106,305,200,.955
106,305,230,.945
106,305,300,.945
106,305,330,.947
106,305,400,.945
106,305,430,.942
106,305,500,.937
106,305,530,.937
106,305,600,.937
106,305,630,.955
106,305,700,.955
106,305,730,.94
106,305,800,.97
106,305,830,.952
106,305,900,.942
106,305,930,.937
106,305,1000,.937
106,305,1030,.922
106,305,1100,.915
106,305,1130,.925
106,305,1200,.915
106,305,1230,.907
106,305,1300,.942
106,305,1330,.872
106,305,1400,.877
106,305,1430,.89
106,305,1500,.89
106,305,1530,.89
106,305,1600,.892
106,305,1630,.895
106,305,1700,.887
106,305,1730,.885
106,305,1800,.892
106,305,1830,.892
106,305,1900,.892
106,305,1930,.895
106,305,2000,.895
106,305,2030,.895
106,305,2100,.892
106,305,2130,.897
106,305,2200,.897
106,305,2230,.897
106,305,2300,.897
106,305,2330,.897
106,305,2400,.897
106,306,30,.9
106,306,100,.9
106,306,130,.9
106,306,200,.9
106,306,230,.9
106,306,300,.9
106,306,330,.902
106,306,400,.9
106,306,430,.902
106,306,500,.902
106,306,530,.902
106,306,600,.902
106,306,630,.902
106,306,700,.905
106,306,730,.902
106,306,800,.9
106,306,830,.902
106,306,900,.9
106,306,930,.9
106,306,1000,.9
106,306,1030,.9
106,306,1100,.9
106,306,1130,.9
106,306,1200,.897
106,306,1230,.9
106,306,1300,.9
106,306,1330,.9
106,306,1400,.902
106,306,1430,.897
106,306,1500,.905
106,306,1530,.905
106,306,1600,.905
106,306,1630,.905
106,306,1700,.905
106,306,1730,.905
106,306,1800,.907
106,306,1830,.902
106,306,1900,.905
106,306,1930,.902
106,306,2000,.895
106,306,2030,.9
106,306,2100,.905
106,306,2130,.89
106,306,2200,.89
106,306,2230,.887
106,306,2300,.875
106,306,2330,.86
106,306,2400,.845
106,307,30,.845
106,307,100,.837
106,307,130,.837
106,307,200,.835
106,307,230,.83
106,307,300,.83
106,307,330,.82
106,307,400,.812
106,307,430,.81
106,307,500,.815
106,307,530,.81
106,307,600,.815
106,307,630,.82
106,307,700,.822
106,307,730,.822
106,307,800,.825
106,307,830,.822
106,307,900,.81
106,307,930,.815
106,307,1000,.815
106,307,1030,.805
106,307,1100,.812
106,307,1130,.832
106,307,1200,.842
106,307,1230,.82
106,307,1300,.81
106,307,1330,.822
106,307,1400,.812
106,307,1430,.812
106,307,1500,.815
106,307,1530,.817
106,307,1600,.82
106,307,1630,.82
106,307,1700,.817
106,307,1730,.817
106,307,1800,.817
106,307,1830,.815
106,307,1900,.817
106,307,1930,.817
106,307,2000,.822
106,307,2030,.817
106,307,2100,.82
106,307,2130,.815
106,307,2200,.822
106,307,2230,.815
106,307,2300,.825
106,307,2330,.837
106,307,2400,.83
106,308,30,.837
106,308,100,.835
106,308,130,.835
106,308,200,.83
106,308,230,.827
106,308,300,.837
106,308,330,.837
106,308,400,.847
106,308,430,.847
106,308,500,.845
106,308,530,.84
106,308,600,.82
106,308,630,.82
106,308,700,.81
106,308,730,.81
106,308,800,.817
106,308,830,.82
106,308,900,.83
106,308,930,.83
106,308,1000,.84
106,308,1030,.832
106,308,1100,.815
106,308,1130,.8
106,308,1200,.802
106,308,1230,.797
106,308,1300,.8
106,308,1330,.792
106,308,1400,.815
106,308,1430,.785
106,308,1500,.78
106,308,1530,.805
106,308,1600,.81
106,308,1630,.79
106,308,1700,.785
106,308,1730,.797
106,308,1800,.787
106,308,1830,.785
106,308,1900,.792
106,308,1930,.78
106,308,2000,.785
106,308,2030,.777
106,308,2100,.787
106,308,2130,.777
106,308,2200,.762
106,308,2230,.765
106,308,2300,.765
106,308,2330,.76
106,308,2400,.75
106,309,30,.747
106,309,100,.767
106,309,130,.737
106,309,200,.712
106,309,230,.7
106,309,300,.707
106,309,330,.707
106,309,400,.69
106,309,430,.69
106,309,500,.695
106,309,530,.697
106,309,600,.697
106,309,630,.697
106,309,700,.7
106,309,730,.7
106,309,800,.7
106,309,830,.7
106,309,900,.7
106,309,930,.7
106,309,1000,.7
106,309,1030,.697
106,309,1100,.7
106,309,1130,.7
106,309,1200,.707
106,309,1230,.687
106,309,1300,.687
106,309,1330,.65
106,309,1400,.68
106,309,1430,.647
106,309,1500,.632
106,309,1530,.602
106,309,1600,.65
106,309,1630,.635
106,309,1700,.605
106,309,1730,.575
106,309,1800,.622
106,309,1830,.64
106,309,1900,.657
106,309,1930,.612
106,309,2000,.612
106,309,2030,.605
106,309,2100,.615
106,309,2130,.62
106,309,2200,.632
106,309,2230,.625
106,309,2300,.63
106,309,2330,.622
106,309,2400,.625
106,310,30,.627
106,310,100,.63
106,310,130,.62
106,310,200,.595
106,310,230,.61
106,310,300,.612
106,310,330,.612
106,310,400,.6
106,310,430,.6
106,310,500,.59
106,310,530,.577
106,310,600,.585
106,310,630,.58
106,310,700,.572
106,310,730,.572
106,310,800,.58
106,310,830,.585
106,310,900,.58
106,310,930,.595
106,310,1000,.595
106,310,1030,.597
106,310,1100,.6
106,310,1130,.58
106,310,1200,.532
106,310,1230,.49
106,310,1300,.532
106,310,1330,.535
106,310,1400,.545
106,310,1430,.577
106,310,1500,.59
106,310,1530,.597
106,310,1600,.605
106,310,1630,.602
106,310,1700,.587
106,310,1730,.577
106,310,1800,.557
106,310,1830,.505
106,310,1900,.522
106,310,1930,.535
106,310,2000,.542
106,310,2030,.557
106,310,2100,.565
106,310,2130,.577
106,310,2200,.572
106,310,2230,.572
106,310,2300,.572
106,310,2330,.572
106,310,2400,.572
106,311,30,.572
106,311,100,.572
106,311,130,.575
106,311,200,.577
106,311,230,.577
106,311,300,.58
106,311,330,.58
106,311,400,.58
106,311,430,.577
106,311,500,.582
106,311,530,.58
106,311,600,.58
106,311,630,.577
106,311,700,.577
106,311,730,.577
106,311,800,.577
106,311,830,.577
106,311,900,.577
106,311,930,.577
106,311,1000,.577
106,311,1030,.575
106,311,1100,.572
106,311,1130,.572
106,311,1200,.572
106,311,1230,.572
106,311,1300,.572
106,311,1330,.572
106,311,1400,.572
106,311,1430,.572
106,311,1500,.575
106,311,1530,.572
106,311,1600,.575
106,311,1630,.572
106,311,1700,.572
106,311,1730,.575
106,311,1800,.577
106,311,1830,.587
106,311,1900,.587
106,311,1930,.595
106,311,2000,.625
106,311,2030,.637
106,311,2100,.5
106,311,2130,.505
106,311,2200,.497
106,311,2230,.492
106,311,2300,.5
106,311,2330,.5
106,311,2400,.497
106,312,30,.69
106,312,100,.487
106,312,130,.677
106,312,200,.672
106,312,230,.677
106,312,300,.677
106,312,330,.677
106,312,400,.675
106,312,430,.675
106,312,500,.672
106,312,530,.695
106,312,600,.7
106,312,630,.697
106,312,700,.697
106,312,730,.7
106,312,800,.695
106,312,830,.692
106,312,900,.67
106,312,930,.667
106,312,1000,.665
106,312,1030,.665
106,312,1100,.665
106,312,1130,.667
106,312,1200,.677
106,312,1230,.672
106,312,1300,.68
106,312,1330,.682
106,312,1400,.685
106,312,1430,.695
106,312,1500,.687
106,312,1530,.692
106,312,1600,.695
106,312,1630,.7
106,312,1700,.705
106,312,1730,.707
106,312,1800,.705
106,312,1830,.707
106,312,1900,.71
106,312,1930,.712
106,312,2000,.712
106,312,2030,.715
106,312,2100,.717
106,312,2130,.717
106,312,2200,.72
106,312,2230,.72
106,312,2300,.722
106,312,2330,.727
106,312,2400,.725
106,313,30,.727
106,313,100,.725
106,313,130,.727
106,313,200,.727
106,313,230,.73
106,313,300,.732
106,313,330,.73
106,313,400,.73
106,313,430,.73
106,313,500,.737
106,313,530,.732
106,313,600,.732
106,313,630,.735
106,313,700,.735
106,313,730,.732
106,313,800,.732
106,313,830,.732
106,313,900,.732
106,313,930,.732
106,313,1000,.732
106,313,1030,.732
106,313,1100,.732
106,313,1130,.732
106,313,1200,.73
106,313,1230,.735
106,313,1300,.732
106,313,1330,.737
106,313,1400,.735
106,313,1430,.745
106,313,1500,.742
106,313,1530,.737
106,313,1600,.74
106,313,1630,.742
106,313,1700,.745
106,313,1730,.75
106,313,1800,.74
106,313,1830,.74
106,313,1900,.742
106,313,1930,.747
106,313,2000,.745
106,313,2030,.745
106,313,2100,.74
106,313,2130,.742
106,313,2200,.74
106,313,2230,.747
106,313,2300,.75
106,313,2330,.75
106,313,2400,.752
106,314,30,.75
106,314,100,.752
106,314,130,.75
106,314,200,.752
106,314,230,.75
106,314,300,.747
106,314,330,.747
106,314,400,.745
106,314,430,.75
106,314,500,.75
106,314,530,.75
106,314,600,.745
106,314,630,.745
106,314,700,.747
106,314,730,.745
106,314,800,.745
106,314,830,.742
106,314,900,.745
106,314,930,.742
106,314,1000,.742
106,314,1030,.742
106,314,1100,.74
106,314,1130,.737
106,314,1200,.737
106,314,1230,.737
106,314,1300,.737
106,314,1330,.737
106,314,1400,.737
106,314,1430,.735
106,314,1500,.737
106,314,1530,.737
106,314,1600,.737
106,314,1630,.737
106,314,1700,.737
106,314,1730,.737
106,314,1800,.737
106,314,1830,.737
106,314,1900,.737
106,314,1930,.74
106,314,2000,.74
106,314,2030,.742
106,314,2100,.742
106,314,2130,.742
106,314,2200,.742
106,314,2230,.742
106,314,2300,.742
106,314,2330,.74
106,314,2400,.74
106,315,30,.74
106,315,100,.74
106,315,130,.74
106,315,200,.74
106,315,230,.742
106,315,300,.74
106,315,330,.74
106,315,400,.735
106,315,430,.735
106,315,500,.727
106,315,530,.725
106,315,600,.73
106,315,630,.715
106,315,700,.712
106,315,730,.712
106,315,800,.712
106,315,830,.715
106,315,900,.715
106,315,930,.715
106,315,1000,.717
106,315,1030,.717
106,315,1100,.717
106,315,1130,.72
106,315,1200,.717
106,315,1230,.717
106,315,1300,.715
106,315,1330,.715
106,315,1400,.72
106,315,1430,.717
106,315,1500,.72
106,315,1530,.732
106,315,1600,.722
106,315,1630,.722
106,315,1700,.722
106,315,1730,.725
106,315,1800,.732
106,315,1830,.722
106,315,1900,.722
106,315,1930,.722
106,315,2000,.72
106,315,2030,.722
106,315,2100,.722
106,315,2130,.722
106,315,2200,.732
106,315,2230,.725
106,315,2300,.73
106,315,2330,.732
106,315,2400,.732
106,316,30,.73
106,316,100,.73
106,316,130,.73
106,316,200,.732
106,316,230,.735
106,316,300,.73
106,316,330,.73
106,316,400,.732
106,316,430,.732
106,316,500,.735
106,316,530,.735
106,316,600,.737
106,316,630,.735
106,316,700,.74
106,316,730,.737
106,316,800,.737
106,316,830,.737
106,316,900,.737
106,316,930,.745
106,316,1000,.737
106,316,1030,.737
106,316,1100,.74
106,316,1130,.737
106,316,1200,.737
106,316,1230,.737
106,316,1300,.742
106,316,1330,.742
106,316,1400,.735
106,316,1430,.737
106,316,1500,.725
106,316,1530,.735
106,316,1600,.735
106,316,1630,.725
106,316,1700,.73
106,316,1730,.74
106,316,1800,.735
106,316,1830,.735
106,316,1900,.735
106,316,1930,.737
106,316,2000,.737
106,316,2030,.735
106,316,2100,.74
106,316,2130,.74
106,316,2200,.737
106,316,2230,.74
106,316,2300,.737
106,316,2330,.737
106,316,2400,.74
106,317,30,.74
106,317,100,.735
106,317,130,.74
106,317,200,.737
106,317,230,.737
106,317,300,.74
106,317,330,.74
106,317,400,.74
106,317,430,.737
106,317,500,.737
106,317,530,.74
106,317,600,.737
106,317,630,.737
106,317,700,.737
106,317,730,.737
106,317,800,.737
106,317,830,.732
106,317,900,.727
106,317,930,.727
106,317,1000,.725
106,317,1030,.725
106,317,1100,.725
106,317,1130,.725
106,317,1200,.73
106,317,1230,.732
106,317,1300,.732
106,317,1330,.732
106,317,1400,.732
106,317,1430,.732
106,317,1500,.732
106,317,1530,.732
106,317,1600,.732
106,317,1630,.732
106,317,1700,.732
106,317,1730,.732
106,317,1800,.732
