106,317,1900,0
106,317,1930,.737
106,317,2000,.732
106,317,2030,.735
106,317,2100,.74
106,317,2130,.735
106,317,2200,.732
106,317,2230,.732
106,317,2300,.732
106,317,2330,.732
106,317,2400,.732
106,318,30,.732
106,318,100,.732
106,318,130,.732
106,318,200,.732
106,318,230,.735
106,318,300,.735
106,318,330,.732
106,318,400,.732
106,318,430,.735
106,318,500,.73
106,318,530,.732
106,318,600,.73
106,318,630,.732
106,318,700,.73
106,318,730,.727
106,318,800,.727
106,318,830,.73
106,318,900,.727
106,318,930,.73
106,318,1000,.727
106,318,1030,.73
106,318,1100,.707
106,318,1130,.67
106,318,1200,.662
106,318,1230,.725
106,318,1300,.722
106,318,1330,.722
106,318,1400,.722
106,318,1430,.722
106,318,1500,.71
106,318,1530,.737
106,318,1600,.717
106,318,1630,.712
106,318,1700,.72
106,318,1730,.722
106,318,1800,.725
106,318,1830,.72
106,318,1900,.72
106,318,1930,.72
106,318,2000,.722
106,318,2030,.722
106,318,2100,.725
106,318,2130,.725
106,318,2200,.722
106,318,2230,.722
106,318,2300,.725
106,318,2330,.722
106,318,2400,.722
106,319,30,.722
106,319,100,.722
106,319,130,.722
106,319,200,.722
106,319,230,.722
106,319,300,.722
106,319,330,.73
106,319,400,.725
106,319,430,.725
106,319,500,.725
106,319,530,.722
106,319,600,.725
106,319,630,.722
106,319,700,.73
106,319,730,.735
106,319,800,.727
106,319,830,.737
106,319,900,.73
106,319,930,.725
106,319,1000,.725
106,319,1030,.667
106,319,1100,.7
106,319,1130,.552
106,319,1200,.547
106,319,1230,.535
106,319,1300,.48
106,319,1330,.372
106,319,1400,.44
106,319,1430,.427
106,319,1500,.432
106,319,1530,.522
106,319,1600,.502
106,319,1630,.502
106,319,1700,.487
106,319,1730,.487
106,319,1800,.505
106,319,1830,.515
106,319,1900,.512
106,319,1930,.512
106,319,2000,.512
106,319,2030,.475
106,319,2100,.437
106,319,2130,.437
106,319,2200,.42
106,319,2230,.422
106,319,2300,.402
106,319,2330,.395
106,319,2400,.392
106,320,30,.392
106,320,100,.395
106,320,130,.405
106,320,200,.405
106,320,230,.405
106,320,300,.405
106,320,330,.402
106,320,400,.405
106,320,430,.422
106,320,500,.4
106,320,530,.44
106,320,600,.445
106,320,630,.442
106,320,700,.442
106,320,730,.442
106,320,800,.442
106,320,830,.44
106,320,900,.442
106,320,930,.437
106,320,1000,.44
106,320,1030,.44
106,320,1100,.432
106,320,1130,.435
106,320,1200,.44
106,320,1230,.44
106,320,1300,.442
106,320,1330,.442
106,320,1400,.442
106,320,1430,.442
106,320,1500,.442
106,320,1530,.442
106,320,1600,.442
106,320,1630,.442
106,320,1700,.442
106,320,1730,.442
106,320,1800,.442
106,320,1830,.445
106,320,1900,.445
106,320,1930,.442
106,320,2000,.445
106,320,2030,.445
106,320,2100,.445
106,320,2130,.445
106,320,2200,.445
106,320,2230,.445
106,320,2300,.445
106,320,2330,.447
106,320,2400,.445
106,321,30,.447
106,321,100,.447
106,321,130,.447
106,321,200,.447
106,321,230,.447
106,321,300,.447
106,321,330,.445
106,321,400,.445
106,321,430,.445
106,321,500,.445
106,321,530,.445
106,321,600,.445
106,321,630,.445
106,321,700,.445
106,321,730,.445
106,321,800,.445
106,321,830,.445
106,321,900,.445
106,321,930,.445
106,321,1000,.445
106,321,1030,.447
106,321,1100,.447
106,321,1130,.447
106,321,1200,.445
106,321,1230,.447
106,321,1300,.435
106,321,1330,.425
106,321,1400,.44
106,321,1430,.437
106,321,1500,.445
106,321,1530,.44
106,321,1600,.417
106,321,1630,.422
106,321,1700,.422
106,321,1730,.415
106,321,1800,.415
106,321,1830,.415
106,321,1900,.415
106,321,1930,.415
106,321,2000,.415
106,321,2030,.415
106,321,2100,.415
106,321,2130,.415
106,321,2200,.415
106,321,2230,.417
106,321,2300,.417
106,321,2330,.417
106,321,2400,.417
106,322,30,.422
106,322,100,.42
106,322,130,.42
106,322,200,.42
106,322,230,.42
106,322,300,.422
106,322,330,.42
106,322,400,.42
106,322,430,.42
106,322,500,.42
106,322,530,.42
106,322,600,.42
106,322,630,.42
106,322,700,.42
106,322,730,.42
106,322,800,.42
106,322,830,.417
106,322,900,.417
106,322,930,.417
106,322,1000,.417
106,322,1030,.425
106,322,1100,.417
106,322,1130,.417
106,322,1200,.417
106,322,1230,.422
106,322,1300,.417
106,322,1330,.42
106,322,1400,.412
106,322,1430,.412
106,322,1500,.412
106,322,1530,.41
106,322,1600,.407
106,322,1630,.405
106,322,1700,.41
106,322,1730,.41
106,322,1800,.405
106,322,1830,.4
106,322,1900,.397
106,322,1930,.405
106,322,2000,.395
106,322,2030,.397
106,322,2100,.4
106,322,2130,.405
106,322,2200,.397
106,322,2230,.395
106,322,2300,.395
106,322,2330,.395
106,322,2400,.395
106,323,30,.397
106,323,100,.397
106,323,130,.395
106,323,200,.395
106,323,230,.397
106,323,300,.395
106,323,330,.397
106,323,400,.395
106,323,430,.395
106,323,500,.392
106,323,530,.397
106,323,600,.387
106,323,630,.387
106,323,700,.407
106,323,730,.41
106,323,800,.407
106,323,830,.005
106,323,900,.407
106,323,930,.41
106,323,1000,.41
106,323,1030,.407
106,323,1100,.355
106,323,1130,.407
106,323,1200,.407
106,323,1230,.407
106,323,1300,.407
106,323,1330,.407
106,323,1400,.407
106,323,1430,.407
106,323,1500,.407
106,323,1530,.407
106,323,1600,.41
106,323,1630,.41
106,323,1700,.41
106,323,1730,.41
106,323,1800,.412
106,323,1830,.41
106,323,1900,.412
106,323,1930,.412
106,323,2000,.412
106,323,2030,.417
106,323,2100,.42
106,323,2130,.417
106,323,2200,.417
106,323,2230,.417
106,323,2300,.417
106,323,2330,.417
106,323,2400,.412
106,324,30,.415
106,324,100,.415
106,324,130,.415
106,324,200,.415
106,324,230,.415
106,324,300,.415
106,324,330,.415
106,324,400,.415
106,324,430,.415
106,324,500,.415
106,324,530,.415
106,324,600,.415
106,324,630,.415
106,324,700,.415
106,324,730,.415
106,324,800,.415
106,324,830,.415
106,324,900,.415
106,324,930,.42
106,324,1000,.417
106,324,1030,.417
106,324,1100,.417
106,324,1130,.415
106,324,1200,.415
106,324,1230,.412
106,324,1300,.412
106,324,1330,.412
106,324,1400,.412
106,324,1430,.41
106,324,1500,.41
106,324,1530,.41
106,324,1600,.41
106,324,1630,.41
106,324,1700,.41
106,324,1730,.41
106,324,1800,.407
106,324,1830,.407
106,324,1900,.412
106,324,1930,.412
106,324,2000,.412
106,324,2030,.412
106,324,2100,.412
106,324,2130,.412
106,324,2200,.412
106,324,2230,.412
106,324,2300,.41
106,324,2330,.41
106,324,2400,.41
106,325,30,.412
106,325,100,.41
106,325,130,.41
106,325,200,.412
106,325,230,.41
106,325,300,.412
106,325,330,.412
106,325,400,.41
106,325,430,.41
106,325,500,.41
106,325,530,.41
106,325,600,.41
106,325,630,.412
106,325,700,.405
106,325,730,.402
106,325,800,.402
106,325,830,.402
106,325,900,.4
106,325,930,.402
106,325,1000,.38
106,325,1030,.382
106,325,1100,.38
106,325,1130,.382
106,325,1200,.382
106,325,1230,.38
106,325,1300,.382
106,325,1330,.382
106,325,1400,.382
106,325,1430,.385
106,325,1500,.385
106,325,1530,.385
106,325,1600,.385
106,325,1630,.385
106,325,1700,.385
106,325,1730,.385
106,325,1800,.385
106,325,1830,.385
106,325,1900,.382
106,325,1930,.387
106,325,2000,.385
106,325,2030,.387
106,325,2100,.38
106,325,2130,.377
106,325,2200,.402
106,325,2230,.39
106,325,2300,.382
106,325,2330,.38
106,325,2400,.377
106,326,30,.377
106,326,100,.38
106,326,130,.38
106,326,200,.38
106,326,230,.382
106,326,300,.38
106,326,330,.382
106,326,400,.382
106,326,430,.382
106,326,500,.385
106,326,530,.385
106,326,600,.385
106,326,630,.385
106,326,700,.385
106,326,730,.387
106,326,800,.387
106,326,830,.387
106,326,900,.39
106,326,930,.39
106,326,1000,.39
106,326,1030,.392
106,326,1100,.392
106,326,1130,.392
106,326,1200,.392
106,326,1230,.39
106,326,1300,.395
106,326,1330,.392
106,326,1400,.392
106,326,1430,.39
106,326,1500,.39
106,326,1530,.39
106,326,1600,.39
106,326,1630,.39
106,326,1700,.39
106,326,1730,.392
106,326,1800,.392
106,326,1830,.392
106,326,1900,.392
106,326,1930,.392
106,326,2000,.395
106,326,2030,.395
106,326,2100,.397
106,326,2130,.397
106,326,2200,.397
106,326,2230,.397
106,326,2300,.397
106,326,2330,.4
106,326,2400,.397
106,327,30,.4
106,327,100,.397
106,327,130,.397
106,327,200,.395
106,327,230,.4
106,327,300,.4
106,327,330,.4
106,327,400,.4
106,327,430,.397
106,327,500,.397
106,327,530,.4
106,327,600,.4
106,327,630,.397
106,327,700,.397
106,327,730,.395
106,327,800,.4
106,327,830,.397
106,327,900,.397
106,327,930,.4
106,327,1000,.4
106,327,1030,.397
106,327,1100,.397
106,327,1130,.397
106,327,1200,.397
106,327,1230,.397
106,327,1300,.397
106,327,1330,.397
106,327,1400,.4
106,327,1430,.4
106,327,1500,.4
106,327,1530,.4
106,327,1600,.402
106,327,1630,.405
106,327,1700,.405
106,327,1730,.405
106,327,1800,.407
106,327,1830,.407
106,327,1900,.41
106,327,1930,.41
106,327,2000,.412
106,327,2030,.415
106,327,2100,.417
106,327,2130,.417
106,327,2200,.415
106,327,2230,.417
106,327,2300,.417
106,327,2330,.42
106,327,2400,.42
106,328,30,.42
106,328,100,.422
106,328,130,.422
106,328,200,.422
106,328,230,.422
106,328,300,.422
106,328,330,.422
106,328,400,.422
106,328,430,.422
106,328,500,.422
106,328,530,.42
106,328,600,.422
106,328,630,.415
106,328,700,.415
106,328,730,.415
106,328,800,.412
106,328,830,.41
106,328,900,.412
106,328,930,.41
106,328,1000,.412
106,328,1030,.41
106,328,1100,.412
106,328,1130,.41
106,328,1200,.412
106,328,1230,.41
106,328,1300,.412
106,328,1330,.412
106,328,1400,.412
106,328,1430,.415
106,328,1500,.415
106,328,1530,.415
106,328,1600,.415
106,328,1630,.415
106,328,1700,.415
106,328,1730,.415
106,328,1800,.415
106,328,1830,.415
106,328,1900,.415
106,328,1930,.415
106,328,2000,.415
106,328,2030,.417
106,328,2100,.417
106,328,2130,.417
106,328,2200,.417
106,328,2230,.42
106,328,2300,.42
106,328,2330,.42
106,328,2400,.432
106,329,30,.417
106,329,100,.422
106,329,130,.42
106,329,200,.425
106,329,230,.425
106,329,300,.42
106,329,330,.422
106,329,400,.432
106,329,430,.425
106,329,500,.425
106,329,530,.425
106,329,600,.422
106,329,630,.425
106,329,700,.425
106,329,730,.422
106,329,800,.425
106,329,830,.42
106,329,900,.42
106,329,930,.422
106,329,1000,.422
106,329,1030,.425
106,329,1100,.417
106,329,1130,.415
106,329,1200,.41
106,329,1230,.41
106,329,1300,.415
106,329,1330,.415
106,329,1400,.417
106,329,1430,.417
106,329,1500,.42
106,329,1530,.42
106,329,1600,.422
106,329,1630,.422
106,329,1700,.425
106,329,1730,.425
106,329,1800,.425
106,329,1830,.427
106,329,1900,.427
106,329,1930,.427
106,329,2000,.427
106,329,2030,.427
106,329,2100,.427
106,329,2130,.427
106,329,2200,.427
106,329,2230,.427
106,329,2300,.427
106,329,2330,.427
106,329,2400,.427
106,330,30,.427
106,330,100,.427
106,330,130,.43
106,330,200,.43
106,330,230,.43
106,330,300,.427
106,330,330,.427
106,330,400,.427
106,330,430,.427
106,330,500,.425
106,330,530,.425
106,330,600,.425
106,330,630,.425
106,330,700,.425
106,330,730,.425
106,330,800,.425
106,330,830,.425
106,330,900,.417
106,330,930,.435
106,330,1000,.437
106,330,1030,.445
106,330,1100,.445
106,330,1130,.452
106,330,1200,.465
106,330,1230,.472
106,330,1300,.477
106,330,1330,.547
106,330,1400,.012
