53.08073829	73.67459832	90.2346	0	0	0	0	0
53.09464285	73.5970758	1101.2837	0.786	12.89560185	0.0610	22.25	51.23719444
53.09208843	73.60037149	998.3531	0.613	12.97210648	0.0473	17.25	37.72036111
53.08946097	73.60626563	904.8698	0.996	13.04467593	0.0764	27.87	41.73655556
53.08704128	73.61290353	795.7047	1.045	12.91953704	0.0809	29.52	42.99819444
53.08463321	73.61866584	717.9652	1.07	12.97592593	0.0825	30.10	60.06208333
53.0829413	73.62557803	626.5878	1.231	12.94722222	0.0951	34.70	77.23758333
53.0820372	73.63304064	538.5066	1.357	10.869	0.1248	45.57	71.73861111
53.08148876	73.6405875	454.3368	1.741	11.004	0.1582	57.75	62.32730556
53.08027973	73.64773076	343.9141	1.919	10.964	0.1750	63.89	51.42180556
53.07868343	73.65321614	227.4166	1.589	9.951	0.1597	58.28	52.75547222
53.08333384	73.64113314	458.7439	1.74	10.765	0.1616	59.00	65.71488889
53.08229166	73.64081159	454.1751	1.821	10.852	0.1678	61.25	64.56666667
53.08060288	73.64030045	455.4328	1.377	10.944	0.1258	45.93	71.68602778
53.07991154	73.63990096	453.6004	0.687	11.009	0.0624	22.78	63.18897222
