53.07623406	73.65230864	159.339
53.07623396	73.65230876	158.4249
53.07623396	73.65230876	158.4322
53.07623391	73.6523088	158.4408
53.07623396	73.65230874	158.4326
53.07623397	73.65230871	158.4144
53.07623397	73.65230873	158.423
53.07623394	73.65230871	158.4342
53.07623479	73.65231287	158.8858
53.07623242	73.6523054	158.8147
53.07623476	73.65231016	158.3743
53.07623111	73.65230937	158.36
53.07623016	73.65230889	158.3457
53.07623078	73.65230941	158.3035
53.07622943	73.65231183	158.2834
53.07622958	73.65231124	158.3051
53.07623005	73.65231081	158.2929
53.07622821	73.65231474	158.3101
53.07622704	73.65231171	158.5118
53.07622459	73.65231773	159.2135
53.0762246	73.65231866	159.1891
53.07622094	73.65230547	159.0476
53.07622389	73.65230747	159.1362
53.07622175	73.65231797	159.448
53.07622044	73.65231281	159.3945
53.07621884	73.6523122	159.4011
53.07621787	73.65231097	159.4234
53.07621833	73.65231031	159.403
53.07621972	73.65231027	159.3859
53.0762195	73.6523113	159.4123
53.07621946	73.65231347	159.4007
53.07622538	73.65231014	159.3444
53.07622901	73.65231578	159.3399
53.07622899	73.65231789	159.4255
53.07622881	73.65233138	159.3878
53.07621666	73.65237704	159.231
53.07622232	73.65243581	158.5203
53.076224	73.65248956	157.7659
53.07620832	73.65254155	157.1475
53.07620171	73.65259569	156.6631
53.07619624	73.6526402	156.3258
53.07619223	73.65268428	155.9557
53.07619189	73.65272741	155.7474
53.07619239	73.65277523	155.5793
53.07619285	73.65282083	155.118
53.07618723	73.65287037	154.7281
53.07618513	73.65290448	154.5151
53.07618467	73.65291108	154.4474
53.07618427	73.65295082	154.2397
53.0761759	73.65299438	153.7802
53.07616408	73.65304401	153.3366
53.07615748	73.65310484	153.2903
53.07616531	73.65315531	153.4567
53.07616195	73.65317462	152.9547
53.07616947	73.65320872	152.7987
53.07617473	73.65325219	153.042
53.07617658	73.65329538	152.4695
53.07616804	73.65333106	152.0804
53.07615963	73.65336842	151.4994
53.07615745	73.65341544	151.0832
53.07615962	73.65344753	150.5057
53.07616578	73.65346974	149.8765
53.07617211	73.65349058	149.4543
53.07617518	73.65350179	149.2442
53.07617705	73.65353242	148.6588
53.07616827	73.65358333	148.4806
53.07615312	73.6536187	148.6041
53.07611902	73.65362319	149.01
53.07609158	73.65362815	148.5799
53.07608714	73.6536506	147.306
53.07609003	73.65367677	147.3229
53.07607916	73.65372667	146.6571
53.07606841	73.65379216	146.2156
53.07605669	73.65385121	146.1034
53.0760507	73.65390047	145.2524
53.07604739	73.6539151	145.1683
53.07604564	73.65393697	145.1149
53.07604255	73.65395888	144.8811
53.07603317	73.65398303	144.3883
53.07602313	73.65400631	143.9913
53.0760126	73.65403972	143.9935
53.07599142	73.65409489	143.5957
53.07597525	73.65415758	142.8639
53.07596643	73.65421552	142.5335
53.07597053	73.65423912	142.3284
53.07597038	73.65424801	142.1614
53.07596788	73.65426627	141.2796
53.07596418	73.65428618	140.8569
53.07596966	73.65430798	140.7201
53.07596254	73.6543372	139.9628
53.07595732	73.65434511	139.7252
53.07595869	73.65434588	139.7499
53.0759588	73.65436485	139.3256
53.07595052	73.65439493	138.7146
53.07593853	73.65443201	138.1069
53.07593931	73.65447367	137.5058
53.07593281	73.65449861	137.0614
53.07592874	73.65450962	136.647
53.07591135	73.65454821	135.8816
53.07590186	73.65458554	135.5576
53.07589775	73.65458738	135.4724
53.07588693	73.65458078	134.9078
53.07588211	73.65461293	134.3016
53.07587422	73.65462766	133.995
53.07586426	73.65465348	133.1378
53.07585319	73.65464588	132.5849
53.07584946	73.65467104	132.1675
53.07584849	73.65468746	131.5969
53.07583341	73.65471226	131.4156
53.07582405	73.6547523	130.6893
53.07583276	73.6547858	129.969
53.07583546	73.65481302	129.3631
53.0758301	73.65485879	129.1078
53.075822	73.65489765	128.4452
53.07580631	73.65492228	127.6617
53.07578881	73.654953	126.8203
53.07577072	73.65498641	125.8746
53.07575392	73.65501479	125.1279
53.07573592	73.65504266	124.2646
53.07571306	73.65507248	123.2817
53.07570552	73.65508506	122.8894
53.07570366	73.65509546	122.7124
53.07568974	73.65513091	121.6507
53.07567287	73.65516871	120.4847
53.07565632	73.65520726	119.5998
53.07564246	73.65524708	118.7153
53.07562857	73.65528739	117.9228
53.07562012	73.65533048	117.3173
53.0756114	73.65537042	116.7117
53.07560941	73.65540454	116.4041
53.07560805	73.65540137	116.3841
53.07560839	73.65540227	116.3865
53.0756082	73.65540214	116.3798
53.07560801	73.65540271	116.3853
53.07560841	73.65540224	116.3754
53.0756083	73.65540247	116.3797
53.07560817	73.65540235	116.3767
53.07560796	73.65540232	116.369
53.07560842	73.65540216	116.3816
53.07560816	73.65541118	116.2708
53.07560429	73.65545617	115.774
53.07560345	73.65550498	115.4994
53.07561396	73.65553887	115.6608
53.07562574	73.65557657	115.7443
53.07564351	73.65560716	116.0121
53.07565874	73.6556314	116.2165
53.07567566	73.65565665	116.4413
53.07568486	73.65569341	116.5909
53.07569618	73.65572942	116.8701
53.0757126	73.65574758	117.218
53.07573573	73.655782	117.139
53.07574157	73.65578903	117.1869
53.07574131	73.65578873	117.1671
53.07574224	73.65578879	117.1728
53.07574217	73.65578804	117.1581
53.07574084	73.65578965	117.1494
53.07574163	73.65578765	117.1495
53.07574141	73.65578788	117.155
53.07574148	73.65578767	117.1584
53.07574425	73.65578826	117.1635
53.07574216	73.65579446	117.1191
53.07574196	73.65579254	117.1353
53.075742	73.65579259	117.1289
53.0757425	73.65578894	117.1841
53.07574088	73.65578579	117.1448
53.07574056	73.65578684	117.1373
53.07574045	73.65580321	117.0549
53.07574591	73.65582705	116.5913
53.0757622	73.65585296	116.4048
53.07578451	73.65588996	116.2197
53.07580853	73.65593231	115.8158
53.07583245	73.65596745	115.5568
53.07585497	73.65600839	115.1893
53.07587929	73.65605581	114.6496
53.0759002	73.65609472	114.1114
53.07591916	73.65613337	113.6495
53.07593469	73.65617278	113.279
53.07594372	73.65621898	112.6408
53.07595163	73.65624726	112.2098
53.07596492	73.65628323	111.8547
53.07597902	73.65630561	111.6622
53.07599567	73.65633325	111.4171
53.07601699	73.65636077	111.1827
53.07603786	73.65638798	111.0014
53.07605194	73.65639447	111.0341
53.07606226	73.65639374	110.9989
53.07607105	73.65639344	111.2391
53.07608161	73.65639992	111.2599
53.07608877	73.65640893	111.1499
53.07611347	73.65642137	111.3288
53.07613858	73.65642976	111.5809
53.07616428	73.65643646	111.8239
53.07619023	73.65644291	112.0621
53.07621688	73.65644739	112.3258
53.07624219	73.65644583	112.7294
53.07626701	73.65645101	113.1221
53.0762911	73.65645393	113.5287
53.07631748	73.65645612	114.0893
53.07634096	73.65645766	114.5531
53.07636646	73.6564638	114.9639
53.07639258	73.65646311	115.476
53.07641485	73.65646523	115.996
53.07643659	73.65647099	116.5273
53.07645629	73.65649287	116.6185
53.07647625	73.65650191	116.9942
53.07649798	73.65650504	117.4054
53.07651803	73.65650333	117.9757
53.07653903	73.65650072	118.5378
53.07655974	73.65649773	119.132
53.07658196	73.65649964	119.6568
53.07660417	73.65650016	120.0419
53.0766258	73.65650259	120.5274
53.07664594	73.65650006	121.2224
53.07666496	73.65649188	121.6793
53.07668689	73.65649559	122.1535
53.07670543	73.65650355	122.4635
53.07673133	73.65650339	122.6949
53.07675258	73.65649892	123.1392
53.07677417	73.65649889	123.4962
53.07679413	73.65649521	123.8886
53.07679653	73.65650207	123.8397
53.07680716	73.65649376	124.0141
53.07682067	73.65647474	124.6358
53.07682143	73.656469	124.756
53.07684429	73.65646394	125.2702
53.07687108	73.65645948	125.6211
53.07689788	73.65645953	126.1323
53.07692244	73.65645974	126.6637
53.07694717	73.65646151	127.1125
53.07697102	73.65646074	127.6444
53.07699485	73.65646103	128.179
53.07702011	73.65646173	128.7298
53.07704436	73.65646141	129.3727
53.07706731	73.65646111	129.8793
53.07709112	73.65646176	130.488
53.07711457	73.65646331	131.0488
53.07713653	73.6564584	131.6197
53.07715794	73.65645976	132.1787
53.07718061	73.65646547	132.5351
53.07719753	73.65646185	133.006
53.07719949	73.65646152	133.1481
53.07719897	73.65646	133.1486
53.07719998	73.65645995	133.1574
53.0772193	73.6564686	133.5297
53.07722248	73.65646763	133.6334
53.07723229	73.65647085	133.7882
53.07725575	73.65647363	134.318
53.07727855	73.65647402	134.9288
53.07729835	73.65647493	135.3295
53.07731836	73.65648756	135.6891
53.07733299	73.65649017	135.9282
53.07734543	73.65647944	136.3573
53.07736064	73.65646759	137.0042
53.07737914	73.65645576	137.5895
53.07739496	73.65644981	138.0017
53.07741618	73.65644985	138.5063
53.07743839	73.65644748	139.0766
53.07746117	73.65644813	139.5554
53.07746632	73.65644718	139.707
53.0774858	73.65644578	140.1587
53.07750884	73.65645244	140.5041
53.07753267	73.65645684	141.0205
53.0775558	73.65646064	141.5579
53.07757697	73.65645976	142.0327
53.07759731	73.65646489	142.5005
53.07761916	73.6564642	143.0506
53.07764022	73.65646236	143.4507
53.07766223	73.65646618	144.04
53.07768116	73.65646461	144.4731
53.07770308	73.65646589	144.9544
53.07772553	73.65646521	145.4698
53.07774639	73.65646561	146.0217
53.07776411	73.65646658	146.3945
53.0777866	73.65646504	146.9401
53.07780783	73.65647116	147.3784
53.0778264	73.65647189	147.9786
53.07784389	73.65647401	148.3059
53.07786058	73.65647947	148.5981
53.07787488	73.65647955	149.0961
53.07787624	73.65647404	149.159
53.07787624	73.65647449	149.1579
53.07787601	73.6564741	149.16
53.07787666	73.65647461	149.1577
53.07787553	73.65647358	149.1669
53.0778919	73.65647865	149.3063
53.07791685	73.65648061	149.7824
53.07794118	73.65648464	150.3376
53.07796693	73.65648586	150.8438
53.07799055	73.65649129	151.4242
53.07801538	73.65649731	151.9364
53.07804036	73.65649906	152.4693
53.07806038	73.65650467	152.8821
53.07808163	73.65650591	153.316
53.07809956	73.6565005	153.7156
53.07811764	73.65651333	154.1099
53.07813833	73.65652719	154.637
53.07816162	73.65652867	155.1379
53.07818564	73.65652336	155.7198
53.07820903	73.65652268	156.0843
53.07822706	73.65651459	156.5132
53.0782486	73.65651443	157.0385
53.07827192	73.65652643	157.205
53.07829425	73.65653437	157.5095
53.07832014	73.65654818	157.7861
53.07834539	73.65656084	158.0595
53.07837323	73.65657246	158.3068
53.07839717	73.6565868	158.5643
53.07842371	73.65660097	158.8755
53.07844984	73.65660867	159.2228
53.07847536	73.6566197	159.4774
53.07849978	73.65662673	159.913
53.07852708	73.65663514	160.3141
53.07855109	73.65664716	160.6366
53.07857573	73.65665899	160.9716
53.0786026	73.65666751	161.3413
53.07862852	73.65667387	161.7952
53.07865376	73.65668434	162.2098
53.07868009	73.65669501	162.5252
53.07870536	73.65670716	162.7938
53.07872842	73.65670864	163.2179
53.07875058	73.65670911	163.6569
53.07877382	73.65672213	163.9802
53.07879522	73.65672981	164.4224
53.07881851	73.65673334	164.8498
53.07884096	73.65673397	165.2894
53.07886344	73.65673531	165.6824
53.07888588	73.65673073	166.1993
53.07890897	73.6567238	166.7595
53.0789316	73.65672239	167.2648
53.07895326	73.65671201	167.8269
53.07897334	73.65670678	168.3345
53.07899438	73.65669726	168.9226
53.07901521	73.6566825	169.4785
53.07903573	73.65666883	170.0264
53.07905589	73.65665704	170.6172
53.07907432	73.65664187	171.2127
53.0790942	73.65662587	171.807
53.07911079	73.65660163	172.3776
53.07912861	73.65658957	173.1177
53.07914573	73.65657348	173.714
53.07915687	73.65654742	174.4308
53.07916366	73.65652067	175.0677
53.07916963	73.6564919	175.7504
53.07917197	73.65646199	176.3139
53.07917332	73.6564281	176.8849
53.07917787	73.65640332	177.4983
53.0791856	73.65637169	178.2314
53.07919186	73.65634529	178.9277
53.07919707	73.65631661	179.699
53.07920256	73.65628683	180.4639
53.07920784	73.65625733	181.195
53.07921555	73.65623833	182.0689
53.07922439	73.65621883	182.809
53.07923531	73.65620412	183.5601
53.07924251	73.65618256	184.2529
53.07925001	73.65616151	184.8647
53.07925473	73.65613259	185.7184
53.07925805	73.65610468	186.4911
53.07926613	73.6560777	187.2336
53.07927092	73.65605233	188.0314
53.07927466	73.65602784	188.696
53.07927866	73.65600344	189.3804
53.07928052	73.65597984	190.0087
53.07928569	73.65597209	190.2699
53.07929174	73.65596836	190.3564
53.07929512	73.65594768	191.1538
53.07929216	73.65592248	191.9431
53.0792964	73.65589858	192.6863
53.07929066	73.65587178	193.3823
53.07929639	73.65584626	194.0433
53.07930269	73.65582453	194.7719
53.07931563	73.6558127	195.4938
53.07932653	73.65580071	196.1646
53.07933145	73.65578883	196.8536
53.07934744	73.65577851	197.4633
53.07935633	73.65577132	198.1452
53.07937131	73.65575595	198.8049
53.07938426	73.6557442	199.5088
53.07940177	73.65573264	200.1625
53.07941778	73.65571829	201.0006
53.07943596	73.65570601	201.7359
53.0794515	73.65568774	202.3376
53.07946527	73.65566872	202.9591
53.07948157	73.65565435	203.7157
53.0794988	73.65563333	204.3529
53.07951393	73.65561898	204.9111
53.07952498	73.65559735	205.4122
53.07953995	73.65557638	206.1652
53.07955561	73.6555636	206.7492
53.07956802	73.65554029	207.4328
53.07958453	73.65551884	208.0201
53.07959982	73.65549484	208.7125
53.07961486	73.65547772	209.372
53.07963045	73.65545477	210.0804
53.07964103	73.65542686	210.6777
53.07965742	73.65540611	211.3788
53.07967269	73.65538673	211.9614
53.07968747	73.65536469	212.5033
53.07970627	73.65534331	213.0653
53.07972633	73.65532363	213.5703
53.07974503	73.65530174	214.0853
53.0797631	73.65528157	214.5842
53.07978005	73.65525897	214.9623
53.07978631	73.65522667	215.6101
53.07979443	73.65519742	216.0081
53.0798053	73.65517621	216.4804
53.07981743	73.65515336	217.0289
53.079824	73.65512834	217.7466
53.07983905	73.65511236	218.2604
53.07985841	73.65510551	218.6726
53.07985982	73.65510386	218.7528
53.07986032	73.65510454	218.7414
53.0798603	73.65510476	218.7373
53.0798604	73.65510451	218.7315
53.07986042	73.65510452	218.7296
53.07986043	73.65510451	218.7426
53.07986059	73.65510472	218.7351
53.07986046	73.65510464	218.7286
53.07986046	73.65510453	218.7387
53.07986041	73.65510464	218.7277
53.07986961	73.65511104	218.3445
53.07986968	73.65511096	217.4559
53.07986969	73.65511103	217.4513
53.07986974	73.65511106	217.4547
53.0798697	73.65511104	217.4424
53.07986971	73.65511106	217.4409
53.07986964	73.65511104	217.4444
53.07986963	73.65511102	217.4394
53.07986971	73.65511107	217.4396
53.07986976	73.6551111	217.4538
53.07986967	73.65511101	217.4432
53.07986966	73.65511099	217.445
53.07986967	73.65511098	217.4466
53.07986966	73.65511098	217.4494
53.07986963	73.65511093	217.4539
53.07986955	73.65511091	217.4346
53.07986611	73.65511133	217.9744
53.07986368	73.65511132	218.2728
53.07985808	73.65511247	218.0942
53.07986365	73.65511475	218.136
53.0798617	73.65511089	217.8566
53.07986337	73.65511075	217.8757
53.07986422	73.65510734	217.8921
53.079865	73.65511034	217.9487
53.07986118	73.65510489	218.5969
53.07985658	73.65510399	218.6129
53.07985589	73.65510232	218.5917
53.07985481	73.65510567	218.5315
53.0798552	73.6551081	218.6033
53.0798548	73.65510806	218.5463
53.07985486	73.65510915	218.6441
53.07985545	73.65510896	218.6058
53.07985579	73.65510843	218.5711
53.0798559	73.65510958	218.5789
53.07985656	73.65511105	218.5498
53.079857	73.65511075	218.7707
53.07985726	73.65510891	218.752
53.07985726	73.65510629	218.6243
53.07985672	73.65510656	218.6429
53.07985683	73.65510725	218.6484
53.07985658	73.65510561	218.6495
53.07985771	73.65510721	218.6172
53.07985708	73.65510637	218.6188
53.07985766	73.65510697	218.6257
53.07985764	73.65510686	218.6421
53.07985759	73.65510714	218.6175
53.07985692	73.65510613	218.6302
53.07985784	73.65510828	218.733
53.07986009	73.65510523	218.5718
53.07986125	73.65509869	218.7517
53.0798613	73.65509758	218.7636
53.07985972	73.65509709	218.7462
53.07986049	73.65509816	218.7603
53.07985873	73.65507445	218.903
53.07986267	73.6550475	219.1671
53.07986739	73.65501499	219.6501
53.07987063	73.65497047	220.4017
53.07986978	73.6549156	221.2112
53.07984957	73.65486587	221.476
53.07981177	73.65482981	221.2357
53.07978084	73.65479484	221.2135
53.07975559	73.65475943	221.3094
53.07972625	73.65472457	221.1524
53.07971858	73.65471708	221.1476
53.07970003	73.65469718	220.9715
53.07967521	73.6546783	220.7829
53.079651	73.65465554	220.5599
53.07962594	73.6546286	220.4362
53.07961426	73.65461675	220.3926
53.07959507	73.65459236	220.352
53.07957556	73.65456266	220.431
53.07955357	73.65452276	220.4702
53.07952955	73.65448249	220.6302
53.07950403	73.65444689	220.6902
53.07948342	73.65440907	220.9994
53.07946263	73.65436165	221.374
53.07943813	73.65431888	221.7377
53.07941444	73.6542854	221.9468
53.07938734	73.65424412	222.2099
53.07935929	73.6542066	222.3619
53.07933501	73.65416669	222.6984
53.07930889	73.65412848	222.9155
53.07928351	73.65408733	223.2525
53.0792612	73.65404459	223.6351
53.07923109	73.65400321	223.8335
53.07920493	73.65396343	224.0447
53.07917208	73.65392735	224.0881
53.07914598	73.65389264	224.267
53.07911741	73.6538531	224.4251
53.07909356	73.6538089	224.7123
53.07906373	73.65376973	224.9611
53.07903774	73.65372998	225.2688
53.0790089	73.65368679	225.4353
53.07897534	73.65364813	225.5124
53.07894471	73.65360819	225.5388
53.07891036	73.65356918	225.5842
53.07888124	73.65353269	225.7561
53.07884816	73.65349304	225.8682
53.07881656	73.65345402	225.8395
53.07878311	73.65341759	225.8068
53.07875285	73.65337858	225.933
53.07871913	73.65334275	225.7795
53.07869037	73.65331264	225.7805
53.07866941	73.65328428	225.7881
53.07866097	73.65327169	225.9131
53.07866084	73.65327251	225.9168
53.07866118	73.6532728	225.9075
53.07866111	73.65327271	225.9092
53.07866114	73.65327202	225.9074
53.07866123	73.65327216	225.9134
53.07866102	73.65327165	225.9078
53.07865632	73.65326949	225.9115
53.07863203	73.65324574	225.6569
53.07862698	73.65324316	225.652
53.07862798	73.65324584	225.7097
53.07862688	73.6532398	225.6944
53.07862219	73.65323665	225.6772
53.07861272	73.65322001	225.7526
53.078601	73.6532016	225.7798
53.07858341	73.65317822	225.9919
53.07858358	73.65317931	225.9671
53.07858361	73.65317911	225.964
53.07858386	73.65317885	225.9535
53.07858355	73.65317881	225.9626
53.07858134	73.65317315	226.0172
53.0785696	73.65315923	226.1002
53.07855847	73.6531419	226.1911
53.07855822	73.65314167	226.1752
53.07855871	73.65314097	226.1665
53.0785538	73.65312783	226.3037
53.07854268	73.65310832	226.477
53.0785339	73.65309837	226.4811
53.07852793	73.65309409	226.372
53.07852462	73.65308954	226.4747
53.07852506	73.65309035	226.4508
53.07852452	73.65308774	226.4984
53.07852533	73.65308828	226.4984
53.07852476	73.65308816	226.5116
53.07852448	73.65308857	226.5023
53.07852467	73.65308951	226.5054
53.07852475	73.65308849	226.4861
53.07852478	73.65309113	226.4677
53.07852518	73.6530883	226.4753
53.078525	73.65308752	226.4866
53.07852237	73.65308419	226.4736
53.07852123	73.65307803	226.5287
53.07851159	73.65305636	226.6598
53.07850704	73.65304903	226.6561
53.07850318	73.65301922	227.1131
53.07849156	73.65300074	227.1823
53.07848682	73.65299553	227.3075
53.07847651	73.65298495	227.2727
53.07846381	73.6529704	227.1549
53.07845579	73.65296506	227.1199
53.07844894	73.65295416	227.0625
53.07843307	73.65294395	226.764
53.07843619	73.6529467	225.9805
53.07842688	73.65292914	226.0469
53.07842033	73.65292584	226.7331
53.07841358	73.65290264	227.0271
53.07840548	73.65288649	226.8947
53.07838821	73.65286557	227.01
53.07836392	73.65282834	226.9379
53.07834604	73.65280136	227.0515
53.07832477	73.65276848	226.9978
53.07830915	73.65272837	227.2589
53.07828646	73.65269241	227.3292
53.07826662	73.65265494	227.3405
53.07824439	73.65261852	227.4663
53.07822669	73.65258683	227.5363
53.07820436	73.65255539	227.4508
53.07818476	73.65252583	227.4926
53.07816707	73.65249665	227.4519
53.07814955	73.65246554	227.471
53.07812839	73.65243289	227.4174
53.07810993	73.65239947	227.425
53.07810527	73.65239708	227.5388
53.07810548	73.65239163	227.5233
53.07810447	73.65238962	227.4842
53.078095	73.65237879	227.5444
53.07808369	73.65236058	227.5845
53.078066	73.65232661	227.6352
53.07804646	73.65229594	227.661
53.07802773	73.65226173	227.8077
53.0780131	73.65223718	227.7439
53.07799928	73.65221372	227.8739
53.07798287	73.65218876	227.9306
53.07796948	73.65216273	227.9601
53.07795533	73.65213907	227.9575
53.07793678	73.65210882	227.9164
53.07792216	73.65208533	227.9002
53.07790945	73.65206421	227.8428
53.07789703	73.65204673	227.7671
53.07789113	73.6520337	227.755
53.07788252	73.65201799	227.7097
53.07788312	73.65201861	227.7093
53.07788294	73.65201762	227.7018
53.07788321	73.65201811	227.7102
53.07788307	73.65201773	227.7012
53.07788081	73.65201162	227.7643
53.07787898	73.65201281	227.7395
53.07787809	73.65200981	227.7377
53.0778776	73.65200916	227.7442
53.07787529	73.65200478	227.7088
53.07787338	73.65200134	227.7013
53.07787185	73.65199711	227.6889
53.07786233	73.65198308	227.5723
53.0778491	73.65195694	227.5694
53.07784161	73.65194296	227.4634
53.07782515	73.65191519	227.4107
53.0778153	73.65189591	227.3766
53.07780458	73.65187284	227.3946
53.07779856	73.65185399	227.3837
53.07779652	73.65184222	227.5769
53.07779385	73.65183606	227.555
53.07779173	73.65182543	227.6702
53.0777875	73.65181005	227.8073
53.07778584	73.65180795	227.7946
53.07778285	73.65180039	227.7627
53.0777834	73.6517993	227.7478
53.07777952	73.65179201	227.7579
53.07777844	73.65179108	227.7559
53.07777899	73.65179242	227.7538
53.07777906	73.65179241	227.7544
53.07778222	73.65178648	227.8506
53.07778251	73.65177897	227.9493
53.07778542	73.65177538	228.2732
53.07779776	73.65177064	228.7456
53.07781393	73.65177023	229.3256
53.07783701	73.65178205	230.0428
53.07786162	73.65180794	230.5436
53.07788104	73.65183541	230.688
53.07790393	73.65186879	230.9264
53.07792818	73.65190195	231.1828
53.07794391	73.65195078	230.8711
53.07796033	73.65199761	230.6988
53.07797854	73.65204197	230.344
53.07799959	73.65207731	230.408
53.07801907	73.65211441	230.3106
53.07803841	73.65215388	230.1901
53.07806091	73.6522001	229.9934
53.07808094	73.65224179	229.8601
53.07810083	73.65228614	229.5996
53.07812116	73.65232398	229.4264
53.07814559	73.65235614	229.4831
53.07816766	73.65238222	229.6138
53.07819099	73.65241706	229.6863
53.07821411	73.65245603	229.6374
53.0782358	73.65248513	229.7193
53.0782592	73.65251568	229.7944
53.07827993	73.65254933	229.8092
53.07830203	73.65258487	229.7875
53.07832351	73.65262471	229.5971
53.07834202	73.65266488	229.3617
53.07834909	73.65267755	229.3744
53.07835026	73.65269648	228.0315
53.07835053	73.65270192	227.7828
53.07835555	73.65269919	228.5429
53.07835267	73.65269227	228.807
53.07835231	73.65269211	228.7859
53.07835239	73.65269296	228.7807
53.07835411	73.65269814	228.9993
53.07835286	73.65270559	229.0395
53.07836432	73.65273441	228.8345
53.0783665	73.65274258	228.7465
53.07837863	73.65276967	228.6639
53.07838806	73.65279166	228.498
53.07839918	73.65282074	228.2274
53.07840759	73.65283594	228.1188
53.07841381	73.65286641	227.7442
53.07842104	73.6528954	227.546
53.07842401	73.65292506	227.0622
53.07841878	73.65292768	226.8466
53.07842834	73.65295277	226.4791
53.0784507	73.65296618	226.9473
53.07847682	73.65299427	227.167
53.07850072	73.6530305	227.0835
53.07851269	73.65307767	226.4903
53.07852881	73.6531116	226.2168
53.07855101	73.65313754	226.2958
53.07856998	73.65316853	226.0883
53.07857023	73.65316878	226.0605
53.07857002	73.65317052	226.0543
53.07856931	73.65317219	226.0214
53.07857751	73.65317778	226.0607
53.0785771	73.65317411	226.1268
53.07857682	73.65317433	226.104
53.07857699	73.65317471	226.1251
53.0785767	73.65317375	226.1122
53.07857695	73.65317513	226.1019
53.07857777	73.65317464	226.1159
53.07857673	73.65317554	226.0814
53.07857648	73.65317576	226.0744
53.07857641	73.65317479	226.0747
53.07857651	73.65317463	226.0693
53.07857654	73.65317526	226.0646
53.07857766	73.65317433	226.1386
53.07857611	73.65317561	226.0607
53.07857689	73.65317604	226.0955
53.07858761	73.65319649	225.8865
53.07860593	73.65322398	225.733
53.07862421	73.65324719	225.6975
53.07864155	73.65326811	225.6837
53.07865984	73.65327974	225.8692
53.07865813	73.6532792	225.8654
53.07865787	73.65327954	225.86
53.07865782	73.65327979	225.8454
53.07865746	73.65327967	225.8506
53.07867037	73.65328104	225.9601
53.07869034	73.65327387	226.528
53.07870808	73.65325871	227.2504
53.07871896	73.65324699	227.7873
53.07872321	73.65324324	227.9779
53.07872767	73.65324238	228.1007
53.0787268	73.65324168	228.113
53.0787262	73.65324188	228.1171
53.07872589	73.65324079	228.1227
53.07872547	73.65324037	228.1225
53.07872595	73.65324224	228.1107
53.07872617	73.65324229	228.1029
53.07874109	73.65322932	228.5261
53.07875696	73.65320834	229.2704
53.07877498	73.65318801	229.8305
53.0787932	73.65316911	230.7169
53.07881009	73.6531441	231.4772
53.07882086	73.65313119	232.0716
53.07882346	73.65313202	232.035
53.07882612	73.65312687	232.1175
53.0788441	73.65311988	232.4738
53.07884871	73.65310896	232.8171
53.07885922	73.65309316	233.3848
53.07887494	73.65307098	233.9675
53.0788922	73.65305111	234.6827
53.07890798	73.65303071	235.4199
53.07892473	73.65301225	236.043
53.07893548	73.65298728	236.7647
53.07895626	73.65297264	237.2874
53.07897145	73.65295147	238.1619
53.07898865	73.65293511	238.7363
53.07900068	73.65291553	239.3366
53.07901911	73.65289696	240.0361
53.07903293	73.65288109	240.68
53.07904783	73.65285637	241.5191
53.07906601	73.65283671	242.0561
53.07908172	73.65281982	242.6951
53.0790955	73.65279862	243.4862
53.07911017	73.652779	244.0681
53.07912438	73.65275792	244.8212
53.0791381	73.65273184	245.5379
53.07914665	73.6527101	246.3215
53.07916269	73.65268497	246.9841
53.07917225	73.65265831	247.6596
53.07918338	73.65263808	248.4553
53.07919918	73.65261541	249.1051
53.07921014	73.6525948	249.699
53.07922206	73.65256916	250.602
53.07923751	73.65254743	251.2341
53.07924994	73.65252162	251.8949
53.07926076	73.65249539	252.7743
53.07927411	73.65247256	253.5114
53.07928365	73.65244199	254.3734
53.07929458	73.65240889	255.0865
53.0793003	73.6523769	255.9584
53.07930923	73.6523424	256.6563
53.0793142	73.65231128	257.5023
53.07932487	73.6522774	258.2112
53.07933197	73.65224809	258.9346
53.07933993	73.65221757	259.7487
53.07935155	73.65218828	260.5439
53.07935876	73.65215871	261.342
53.0793687	73.6521274	262.0249
53.0793771	73.65209696	262.6712
53.07938469	73.65206677	263.5216
53.07939418	73.65203691	264.2526
53.07940272	73.65200991	265.0482
53.07941404	73.65198521	265.7132
53.07942521	73.65195957	266.372
53.07943877	73.65193781	267.1729
53.07945586	73.65191202	267.8529
53.07946988	73.651884	268.6689
53.07948636	73.65185844	269.439
53.07949849	73.65182822	270.3158
53.0795133	73.65179893	271.0411
53.07952453	73.65176763	271.9185
53.07953828	73.6517391	272.5003
53.07955018	73.65171265	273.2654
53.07956163	73.65168313	274.087
53.07957252	73.65165469	274.7981
53.07958688	73.65162338	275.56
53.07959918	73.65159629	276.2032
53.07960874	73.65156167	276.9307
53.07961599	73.6515254	277.8227
53.07962184	73.65148992	278.5597
53.07962701	73.65144845	279.1761
53.07963147	73.65141556	279.8559
53.07963634	73.65137924	280.5727
53.07963639	73.65134249	281.2756
53.07963682	73.65130371	281.936
53.07963353	73.65126626	282.5568
53.07963116	73.65122542	283.2631
53.07963413	73.65118967	283.9389
53.07963798	73.65115229	284.6097
53.07964294	73.65111571	285.2406
53.07965076	73.65108221	285.9565
53.07965344	73.65104655	286.602
53.07965454	73.65100887	287.2288
53.07965883	73.65097106	287.887
53.07966203	73.65093299	288.5844
53.07966323	73.65089597	289.1562
53.07966718	73.6508603	289.7893
53.07967464	73.65082016	290.4713
53.07968172	73.65078433	291.2307
53.07968987	73.65074996	291.8742
53.07969612	73.65071249	292.571
53.07970313	73.65067457	293.1617
53.07971038	73.65064087	293.8477
53.07971335	73.65059793	294.5013
53.07971495	73.65055876	295.083
53.07971684	73.65051753	295.7455
53.07972242	73.65047814	296.4374
53.07972766	73.65044078	297.0277
53.07973113	73.65039885	297.7113
53.07973753	73.65036113	298.4083
53.07974233	73.65032802	298.894
53.07974383	73.65028245	299.526
53.07974487	73.65024104	300.187
53.07975009	73.65019714	300.8392
53.07974968	73.6501574	301.4338
53.07974832	73.65012437	301.9742
53.07974737	73.65008372	302.5865
53.07974863	73.65004628	303.0204
53.07975015	73.65000151	303.6474
53.07974924	73.64996518	304.182
53.07975173	73.64992573	304.8662
53.079755	73.6498862	305.4566
53.07975811	73.6498471	306.0812
53.07975737	73.64980854	306.684
53.07976179	73.6497743	307.1207
53.07976586	73.64973328	307.7466
53.07977062	73.64969378	308.386
53.07977421	73.64964963	309.1142
53.07977546	73.64960567	309.7965
53.07977611	73.64956942	310.3571
53.07978083	73.64953065	311.1509
53.07978692	73.64949175	311.7662
53.07979523	73.64945445	312.4654
53.07980303	73.64941783	313.0668
53.0798071	73.64937986	313.731
53.07981257	73.64933712	314.3771
53.07981816	73.6493031	314.9705
53.07982618	73.64926335	315.6043
53.07983327	73.64922881	316.3383
53.07984071	73.64919464	317.0642
53.07985196	73.64915701	317.6617
53.07986263	73.64912374	318.3731
53.07987501	73.64908938	318.9972
53.07988654	73.64905168	319.743
53.07989649	73.64901891	320.4356
53.07990644	73.64898402	321.0597
53.07991741	73.6489508	321.7959
53.07992862	73.64891777	322.3979
53.07993889	73.64888042	323.111
53.07994782	73.6488437	323.7347
53.07995646	73.64880234	324.4406
53.07996532	73.6487687	325.1009
53.07997546	73.64873254	325.7586
53.07998461	73.64869611	326.4295
53.0799937	73.64865891	327.1552
53.08000407	73.64862378	327.7127
53.08001281	73.64858931	328.3405
53.08002213	73.64854795	329.0569
53.08002961	73.64850979	329.6682
53.08003712	73.6484688	330.401
53.08004601	73.6484321	330.9857
53.0800541	73.64839163	331.7016
53.08006419	73.64835408	332.3063
53.08007472	73.64831697	333.0207
53.08008536	73.64828174	333.7216
53.08009644	73.64824354	334.4359
53.08010846	73.64821166	335.0096
53.08011873	73.6481708	335.7026
53.08012915	73.64813216	336.3291
53.08013605	73.64809179	336.9824
53.08014352	73.64805625	337.7211
53.08015393	73.64801721	338.3644
53.08016349	73.64797579	338.8931
53.08017442	73.64794818	339.502
53.08018353	73.64793402	339.8205
53.08018625	73.64792005	340.1843
53.08019163	73.64791781	340.1669
53.08020114	73.64789528	340.6107
53.08020388	73.64788557	340.8952
53.08021698	73.6478635	341.3298
53.08022626	73.64783934	341.9319
53.08023908	73.64782247	342.2603
53.08024933	73.64779899	342.8087
53.08025349	73.64778863	343.0505
53.08025331	73.64778947	343.0587
53.08025388	73.64778808	343.0588
53.08025206	73.64779003	343.0793
53.08025253	73.64779017	343.0779
53.0802524	73.6477894	343.0739
53.08025225	73.64778943	343.0692
53.08025241	73.64778954	343.0657
53.0802527	73.64778806	343.0661
53.08025139	73.64778908	343.0524
53.08025136	73.64778968	343.058
53.08024956	73.6477901	343.0558
53.08025006	73.64779002	343.0649
53.08025137	73.64778993	343.0507
53.08025184	73.64778964	343.0448
53.08025182	73.6477896	343.0373
53.08025159	73.64778965	343.0519
53.08025285	73.6477888	343.028
53.08025228	73.64778906	343.0297
53.08025272	73.64778878	343.012
53.08025257	73.64778846	343.0088
53.08025097	73.64778412	343.0916
53.08023595	73.64776309	342.9516
53.08023056	73.6477576	342.995
53.08023249	73.64775634	342.9643
53.08023061	73.6477588	343.0016
53.08023092	73.64775918	342.99
53.08023146	73.64775991	342.9584
53.08023196	73.64776129	342.9344
53.08023165	73.64775868	342.9626
53.08023147	73.64775875	342.9795
53.0802312	73.64775881	342.9766
53.08023141	73.647754	343.0101
53.08023116	73.64775487	343.0113
53.08023099	73.64775481	343.0151
53.08023033	73.6477559	343.0274
53.08023171	73.64775492	343.0072
53.08023154	73.64775468	342.9968
53.08023031	73.64775195	343.0055
53.08023033	73.64775256	343.009
53.08022639	73.64774746	342.9692
53.08020242	73.64770899	343.0025
53.08019379	73.64769078	342.9633
53.08016359	73.64764463	342.8248
53.08013771	73.64760264	342.7786
53.08011192	73.64756208	342.8416
53.08008813	73.64752738	342.7978
53.08006206	73.64748115	342.7033
53.08003454	73.64743493	342.6977
53.08001541	73.64740551	342.7412
53.08000095	73.64737899	342.6795
53.07997544	73.64733929	342.5904
53.0799523	73.64729252	342.6415
53.07993038	73.64725261	342.8138
53.07990258	73.64720879	342.7186
53.07987393	73.64716509	342.7262
53.07984692	73.64712451	342.7967
53.07982094	73.64708217	342.6599
53.07979644	73.64704309	342.5727
53.07977006	73.64700082	342.6461
53.07974581	73.64695232	342.6238
53.07972097	73.64691071	342.6479
53.07970313	73.64688137	342.637
53.07967555	73.64683818	342.565
53.07964894	73.64678864	342.4818
53.07962003	73.64674597	342.4862
53.07959535	73.64670388	342.3774
53.07957218	73.64666206	342.3657
53.07954906	73.64662126	342.2996
53.07952578	73.64657906	342.202
53.0794993	73.64653164	342.2212
53.0794736	73.64648552	342.0426
53.07945356	73.64644597	341.9682
53.0794274	73.64640041	341.8291
53.07940478	73.64635794	341.835
53.07938081	73.64630963	341.6992
53.07935753	73.64626498	341.5025
53.07933866	73.6462359	341.4475
53.07933649	73.6462303	341.4381
53.07933328	73.64623144	341.4315
53.07933631	73.64623124	341.4368
53.07932279	73.64620334	341.269
53.07930047	73.64616118	341.1359
53.07928132	73.64612428	341.0682
53.079261	73.64608799	340.8522
53.07925665	73.64608057	340.8115
53.07925652	73.64608073	340.8125
53.0792566	73.64608088	340.8061
53.07925641	73.64608093	340.8113
53.07925621	73.64608059	340.8113
53.07925228	73.64607171	340.8844
53.07924811	73.64604962	340.8695
53.07923377	73.64600466	340.8008
53.07922147	73.64596776	341.0116
53.07921284	73.64593333	341.1238
53.07920918	73.64588414	341.4425
53.07919851	73.64583497	341.5227
53.07919076	73.64578683	341.8862
53.07918607	73.64574933	342.1409
53.07918078	73.64571372	342.4209
53.07917336	73.64567423	342.5341
53.07916374	73.64563462	342.6337
53.07915564	73.64560044	342.8864
53.07914074	73.64555564	342.9316
53.07912403	73.64551125	342.8854
53.07910696	73.6454637	342.8712
53.07909215	73.64541124	342.9492
53.07908337	73.6453642	343.1511
53.07907071	73.64531517	343.3162
53.07906304	73.64526793	343.5178
53.07905416	73.64522418	343.7428
53.0790486	73.64517621	343.9946
53.07904006	73.64512561	344.2361
53.07902797	73.64508124	344.3714
53.07901101	73.64503498	344.4159
53.07899777	73.6449917	344.4666
53.07898769	73.64494467	344.6436
53.07897272	73.64489162	344.8048
53.07896071	73.64484297	344.8799
53.07894967	73.64479569	345.0449
53.07893785	73.64474946	345.1498
53.07892814	73.64471492	345.1908
53.07891495	73.64466531	345.2158
53.0789069	73.64462223	345.3404
53.07889953	73.64458031	345.5749
53.07888919	73.64454756	345.8159
53.07888394	73.64450966	345.961
53.07887866	73.64447358	346.2148
53.07887533	73.64443607	346.6372
53.07886613	73.64439333	346.9043
53.07885911	73.6443515	347.2144
53.0788497	73.64431233	347.5238
53.07884377	73.64427526	347.9571
53.07883509	73.64424548	348.2571
53.07882917	73.64421769	348.4034
53.07882758	73.64418536	348.9278
53.07882844	73.64414711	349.4313
53.07882602	73.64412003	349.8742
53.07882513	73.64410897	350.0536
53.07882487	73.64410932	350.0577
53.0788278	73.64410113	350.1408
53.07882571	73.64409879	350.2324
53.07882722	73.64410093	350.1785
53.07882706	73.64409886	350.1863
53.07882648	73.64409678	350.2068
53.07882621	73.64409766	350.2053
53.07882597	73.64408049	350.4029
53.07882318	73.64404679	350.9231
53.07882388	73.64401017	351.5469
53.07882167	73.64400707	351.6689
53.07882251	73.64400309	351.7782
53.07882387	73.64400228	351.7736
53.07882294	73.64400148	351.7799
53.07882251	73.64400095	351.7907
53.07882486	73.64400135	351.7594
53.07882569	73.64396399	352.3684
53.0788335	73.64393559	353.193
53.07885408	73.64393075	354.0338
53.07887919	73.64393453	354.7452
53.07890282	73.64396386	355.072
53.07892594	73.64400163	355.2442
53.07894697	73.64404462	355.1709
53.07896431	73.64410001	355.0174
53.07897949	73.64415575	354.5354
53.07899711	73.64421227	354.1384
53.07901149	73.64427006	353.8821
53.07902561	73.64432923	353.5588
53.07903874	73.64438421	353.2399
53.07905278	73.64444065	352.9681
53.07906855	73.64450148	352.7775
53.07908638	73.64456084	352.5107
53.07909863	73.64460889	352.2462
53.07911501	73.64466305	352.2042
53.07912967	73.64471728	352.0671
53.07914681	73.64477848	351.8813
53.07916359	73.64483661	351.85
53.07918082	73.64489279	351.7531
53.07919399	73.64495634	351.4269
53.07920837	73.6450098	351.2128
53.07922333	73.64506258	351.1854
53.07923739	73.64512583	350.884
53.07925252	73.64519036	350.6861
53.07926813	73.64524529	350.6115
53.07928173	73.6452969	350.4558
53.07929579	73.64534587	350.3257
53.07931155	73.64539137	350.2907
53.07932743	73.6454433	350.2375
53.07934364	73.64548813	350.141
53.07936144	73.64553774	350.0656
53.07938255	73.64558109	350.2085
53.07940358	73.64563209	350.2854
53.07942351	73.64568214	350.2603
53.07944478	73.64573428	350.1695
53.0794643	73.64578664	350.119
53.07948414	73.6458359	350.1565
53.07950767	73.64588133	350.2025
53.07952928	73.64592905	350.1849
53.0795542	73.64597803	350.1912
53.07957598	73.64602255	350.2172
53.07959882	73.64607124	350.1921
53.07962249	73.64611788	350.3146
53.07964597	73.64616805	350.33
53.0796722	73.64621896	350.2917
53.07969777	73.64626838	350.2419
53.07972486	73.64630834	350.3899
53.07974872	73.6463488	350.441
53.07977596	73.64639602	350.3679
53.07980319	73.64643797	350.4034
53.07983479	73.64647809	350.7175
53.07986584	73.64652361	350.6931
53.07989749	73.64656915	350.6633
53.07992631	73.64661301	350.6313
53.07995744	73.64665253	350.8178
53.07998726	73.64669215	350.9187
53.08001576	73.64673401	350.8896
53.08004169	73.64677713	351.0344
53.08007333	73.64682006	351.0417
53.08010542	73.64686182	351.158
53.08013528	73.64690385	351.3409
53.08016746	73.64694329	351.452
53.08020271	73.64698654	351.5909
53.0802352	73.64702221	351.7628
53.0802641	73.64705854	351.8995
53.08029637	73.64709975	352.0773
53.08032427	73.64713791	352.191
53.08035194	73.64717222	352.4195
53.08038335	73.64720596	352.6736
53.08041489	73.64723906	352.9288
53.08044719	73.64727074	353.1639
53.08047674	73.64730716	353.3483
53.08050539	73.64733961	353.5879
53.08053552	73.64737329	353.7107
53.08056872	73.64740678	353.9902
53.08059688	73.64743879	354.1921
53.08062235	73.64746874	354.42
53.08065308	73.64750142	354.6913
53.08068292	73.64753292	354.8249
53.08071294	73.64755862	355.1596
53.08074185	73.6475933	355.2739
53.08076951	73.64762988	355.5255
53.08080302	73.64766812	355.7103
53.08083804	73.64769406	356.0421
53.08086894	73.64772537	356.3411
53.0809026	73.64776219	356.3782
53.08093325	73.64779162	356.7172
53.08096468	73.64782944	356.9583
53.0809968	73.64786801	357.1327
53.08102854	73.64790397	357.4137
53.08106151	73.64794149	357.486
53.08109269	73.64797834	357.5989
53.08112659	73.64801461	357.6254
53.08115784	73.6480555	357.687
53.08118649	73.64809508	357.8063
53.08121548	73.64813377	357.9775
53.08124272	73.64817092	358.0521
53.08127079	73.64820901	358.1467
53.0813002	73.64824506	358.2697
53.08132608	73.64827561	358.2706
53.08134494	73.64829645	358.4609
53.08137403	73.64832427	358.6176
53.08140483	73.64836519	358.7317
53.08143154	73.64840019	358.9063
53.08145756	73.64843356	358.9433
53.08148514	73.64847184	359.1631
53.08151109	73.64851172	359.3324
53.08152002	73.64852931	359.3515
53.08153969	73.64857542	359.5224
53.08155682	73.64862191	359.4188
53.08157942	73.64866698	359.329
53.0815942	73.64871314	359.224
53.08161643	73.64875414	359.3864
53.08163775	73.64880193	359.3841
53.08166116	73.64884629	359.5959
53.08168086	73.64889154	359.6442
53.08170345	73.64894109	359.6872
53.08172605	73.64898811	359.8085
53.08174608	73.64901608	360.0051
53.08175599	73.64904859	360.0623
53.08177388	73.64909485	360.1061
53.08178568	73.6491474	360.0105
53.08179984	73.64919041	360.11
53.08181196	73.64923036	360.298
53.08182243	73.64926048	360.5638
53.08182765	73.64926322	360.5324
53.08182628	73.64926054	360.5953
53.08182732	73.64926337	360.5472
53.08182822	73.64926236	360.5119
53.08182655	73.64926247	360.5245
53.08182568	73.64925098	360.4387
53.08182306	73.64924926	360.4484
53.08182429	73.6492516	360.4799
53.08182696	73.64926254	360.5776
53.08182465	73.64926114	360.6612
53.08182557	73.64926341	360.5852
53.08182539	73.64926408	360.5732
53.08182572	73.64926381	360.5672
53.08182603	73.64926392	360.5753
53.0818259	73.64926344	360.571
53.08182491	73.6492642	360.5408
53.08182449	73.64926355	360.5502
53.08182455	73.64926354	360.5377
53.08182449	73.64926281	360.5373
53.0818241	73.64926192	360.5895
53.08182425	73.64926183	360.5857
53.08182442	73.64926124	360.5864
53.08182451	73.64926383	360.5446
53.08182488	73.6492629	360.5478
53.08182309	73.64925361	360.5532
53.0818235	73.64925444	360.5403
53.08180958	73.64920819	360.1866
53.08178282	73.64914194	359.8546
53.08174993	73.64909532	359.3564
53.08171901	73.64904684	358.8013
53.08168913	73.64899084	358.6312
53.08165833	73.64893663	358.3593
53.0816272	73.64888556	358.1092
53.08159502	73.64883753	357.7219
53.08157205	73.64880386	357.4859
53.08154054	73.6487694	357.0787
53.08150923	73.64873594	356.6082
53.08147552	73.64870657	356.1892
53.08144484	73.64867215	355.8081
53.08141321	73.64862419	355.5891
53.08137592	73.64858399	355.2478
53.08133644	73.64855529	354.7216
53.08129561	73.64852606	354.3749
53.08125929	73.64849239	354.0338
53.08122199	73.64846054	353.7322
53.08118129	73.64842884	353.4588
53.08113869	73.64839418	353.0786
53.08109635	73.64837211	352.6865
53.08105343	73.64834269	352.2342
53.08101494	73.64831543	351.9073
53.08097509	73.64828618	351.4611
53.080941	73.64825528	351.1948
53.08090481	73.64822505	350.9236
53.08086486	73.64819279	350.6438
53.08082102	73.64816448	350.1417
53.08078136	73.64813744	349.6717
53.08074379	73.64811543	349.2946
53.08070531	73.64809059	348.8185
53.08066813	73.6480575	348.5112
53.08062703	73.64802526	347.9361
53.08058497	73.64799769	347.3865
53.0805473	73.64797661	346.9637
53.08050567	73.64796075	346.3524
53.08046884	73.64792805	345.9066
53.08042826	73.6479003	345.2676
53.08038635	73.64787889	344.7606
53.08034555	73.64785621	344.1484
53.08031074	73.64783092	343.7546
53.08027445	73.64780488	343.3594
53.08025349	73.64779135	343.0826
53.08025308	73.64779056	343.0659
53.08025322	73.64779075	343.0654
53.08025334	73.64779107	343.0554
53.08025351	73.64779099	343.0519
53.08025353	73.64779103	343.0574
53.08025374	73.64779166	343.0459
53.08025348	73.64779112	343.0482
53.08025319	73.64779116	343.0545
53.08025314	73.64779111	343.0621
53.08025263	73.64779176	343.0607
53.08025265	73.64779139	343.0622
53.08025087	73.64778436	343.1086
53.08025148	73.64778707	343.0528
53.08025188	73.64778749	343.0337
53.08025204	73.64778665	343.0279
53.08025212	73.64778509	343.0392
53.08025841	73.64775467	343.5372
53.08026379	73.64773088	344.0003
53.08027134	73.64769848	344.5318
53.08027685	73.64766373	345.0835
53.08028341	73.64763287	345.5279
53.08028956	73.64759799	346.0577
53.0802956	73.6475652	346.5876
53.08030316	73.64752812	347.099
53.08030938	73.64749096	347.6462
53.08031737	73.64745028	348.2767
53.08032365	73.64740818	349.0023
53.08032905	73.64736777	349.5311
53.08033582	73.64733006	350.0158
53.0803433	73.64728729	350.674
53.08034926	73.64724585	351.2523
53.08035601	73.6472053	351.9481
53.08036203	73.64716549	352.6339
53.08037064	73.64712364	353.1847
53.08037746	73.64707949	353.8023
53.08038401	73.64703852	354.4862
53.08038858	73.64699766	355.0941
53.08039434	73.64696032	355.5782
53.08040005	73.64691949	356.2078
53.0804065	73.64687922	356.7797
53.08041262	73.64684358	357.2924
53.08042108	73.64680363	357.957
53.0804289	73.64675933	358.6328
53.08043333	73.64671499	359.2753
53.08044039	73.64666811	360.0074
53.08044838	73.64662471	360.6878
53.08045546	73.64657935	361.3767
53.08045931	73.64654168	361.9559
53.08046649	73.64649628	362.5513
53.08047446	73.64645872	363.0861
53.08048062	73.64641857	363.7711
53.08048957	73.64637837	364.3824
53.08049821	73.64633838	365.0226
53.08050555	73.6462977	365.6718
53.08051358	73.64625693	366.414
53.08052283	73.64621974	366.9454
53.08052957	73.6461785	367.7134
53.08053671	73.64613901	368.3404
53.08054528	73.64609489	368.8671
53.08055311	73.64605127	369.5551
53.08056079	73.64601156	370.2641
53.08056809	73.64597036	370.9038
53.08057263	73.64592977	371.5321
53.08057869	73.64588651	372.1937
53.08058407	73.64583898	372.83
53.08059035	73.6457985	373.4749
53.08059604	73.64575995	373.9963
53.08060223	73.64571681	374.5723
53.08060774	73.64567339	375.2894
53.08061511	73.64562963	376.0748
53.08062251	73.64558553	376.6655
53.08062836	73.64554437	377.2229
53.08063461	73.64550033	377.903
53.08064256	73.64545814	378.5646
53.08064971	73.64541811	379.1332
53.08065681	73.64537654	379.7811
53.08066334	73.64533519	380.3775
53.08067001	73.64529104	381.0922
53.08067734	73.64524906	381.7405
53.08068559	73.64520439	382.4128
53.08069323	73.64516324	383.0761
53.08070043	73.64512275	383.6592
53.0807069	73.64508249	384.3512
53.08071146	73.64504214	385.0001
53.0807172	73.64500009	385.6686
53.08072588	73.64495617	386.2203
53.08073258	73.64491641	386.8732
53.0807393	73.64487267	387.4384
53.08074348	73.64483157	388.0558
53.08074852	73.64479149	388.8454
53.08075508	73.64474611	389.3695
53.08076147	73.64470344	390.0442
53.08076831	73.6446574	390.5897
53.08077478	73.64461803	391.2643
53.08078073	73.64457902	391.9282
53.08078692	73.64453235	392.3991
53.08079499	73.64449424	392.9881
53.08080038	73.64445899	393.6454
53.0808067	73.64442049	394.264
53.08081515	73.64437911	394.8342
53.08082037	73.6443401	395.6017
53.0808279	73.64429938	396.2624
53.08083872	73.64425824	396.858
53.08084623	73.6442156	397.5043
53.08085186	73.64417019	398.156
53.08085944	73.64412846	398.8286
53.08086528	73.6440877	399.5245
53.08087756	73.64405097	400.013
53.08088652	73.64401139	400.6289
53.08089268	73.64397057	401.2922
53.08090043	73.64392969	401.8639
53.0809085	73.64389073	402.529
53.0809138	73.64384936	403.278
53.08092437	73.64380794	403.929
53.0809351	73.64376931	404.4308
53.08094307	73.64372452	405.1687
53.08094644	73.64368232	405.9167
53.0809534	73.64364176	406.5915
53.0809605	73.64360027	407.1488
53.08096674	73.64355598	407.726
53.08097291	73.64351644	408.3932
53.08097879	73.64347359	408.9958
53.08098549	73.64343555	409.5236
53.08099079	73.64339482	410.308
53.08099648	73.6433521	410.954
53.0810061	73.6433102	411.5512
53.08101446	73.64326737	412.2366
53.08102174	73.64322468	412.7798
53.08102758	73.64318344	413.6278
53.08103396	73.64314253	414.2465
53.08104215	73.64310161	414.8045
53.08104929	73.64306327	415.3464
53.08105691	73.64302403	416.0892
53.08106391	73.64298278	416.7341
53.08106969	73.64293884	417.4279
53.08107484	73.64290025	418.1741
53.0810805	73.6428599	418.7831
53.08108609	73.64282026	419.3784
53.08109183	73.6427785	419.9278
53.08109798	73.64274041	420.5945
53.08110343	73.64269719	421.3857
53.08111063	73.6426563	422.0204
53.08111555	73.64261545	422.734
53.08112204	73.64257441	423.2977
53.08112958	73.64253301	423.9328
53.08113616	73.6424907	424.582
53.08114264	73.64244693	425.2753
53.08114753	73.64240636	426.0683
53.08115359	73.64236529	426.6513
53.08115899	73.64232593	427.1577
53.08116421	73.64228486	427.7818
53.08117308	73.64224404	428.477
53.08118168	73.64220633	429.1124
53.08118742	73.64216346	429.8927
53.08119419	73.64212523	430.4628
53.08120061	73.64208687	431.0615
53.08120644	73.6420447	431.7735
53.08121426	73.64200376	432.3498
53.08122343	73.64196476	433.012
53.08123366	73.64192804	433.6879
53.08123954	73.641884	434.4439
53.08124284	73.64184292	435.1049
53.08125001	73.64179886	435.7172
53.08126073	73.64175772	436.3116
53.08126822	73.64171767	437.0619
53.08127445	73.64167483	437.6781
53.08128069	73.64163173	438.365
53.08128721	73.64159138	439.1534
53.08129304	73.64154917	439.8311
53.08130156	73.6415051	440.4522
53.08131093	73.64146348	441.166
53.08131973	73.64142221	441.7495
53.08132681	73.64138133	442.3993
53.08133459	73.64134088	443.0168
53.08134361	73.64129671	443.6449
53.08135022	73.64125476	444.3814
53.08135936	73.64121202	445.0191
53.08136941	73.64117011	445.5805
53.08137778	73.6411317	446.1963
53.08138701	73.64109509	446.8277
53.08139403	73.64105284	447.5344
53.08140203	73.6410089	448.1517
53.08141016	73.64096554	448.8271
53.08142029	73.64092445	449.4041
53.0814325	73.64088393	449.9623
53.08143995	73.64083988	450.5961
53.0814465	73.64080338	451.0791
53.08145113	73.6407684	451.6106
53.08145983	73.64073251	452.2304
53.08146851	73.64069439	452.7138
53.08147532	73.64065585	453.2288
53.0814731	73.64064756	453.4067
53.08147271	73.64064731	453.41
53.08147289	73.64064747	453.399
53.08147308	73.64064722	453.3963
53.08147292	73.64064733	453.3981
53.08147248	73.64064733	453.4072
53.08147259	73.64064783	453.4103
53.08147258	73.64064727	453.4082
53.08147129	73.64064934	453.407
53.08147207	73.64064888	453.3978
53.08147174	73.64064886	453.403
53.08146513	73.64064392	453.3892
53.08143011	73.64063063	453.4995
53.08139408	73.64061541	453.7047
53.08135304	73.64060103	453.8622
53.0813145	73.64058234	453.8963
53.081271	73.64056721	453.9551
53.08123331	73.64055033	454.1228
53.08119531	73.64053682	454.1931
53.08115774	73.64052078	454.1658
53.08112321	73.64050329	454.3284
53.0810865	73.64049158	454.4517
53.0810488	73.64047684	454.4381
53.08101193	73.64046324	454.5278
53.08097319	73.64045054	454.629
53.08093283	73.64043507	454.59
53.08089405	73.640424	454.6788
53.08085738	73.64041183	454.6837
53.08081893	73.64039878	454.7945
53.08078155	73.64038954	454.7113
53.08074393	73.64037835	454.7726
53.08071148	73.64036944	454.6537
53.08067547	73.64036405	454.6561
53.08063991	73.6403585	454.572
53.08060787	73.64035387	454.5495
53.08059313	73.64035048	454.6079
53.08059382	73.64035089	454.5854
53.08059422	73.64035095	454.5834
53.08059323	73.64034978	454.5966
53.08057591	73.64033638	454.7545
53.0805438	73.64031869	454.9339
53.08051009	73.64029583	455.0259
53.08048443	73.6402792	455.1835
53.0804536	73.64025659	455.3732
53.08042617	73.64023606	455.4121
53.08039923	73.64022592	453.925
53.08040553	73.64022097	454.1745
53.0804076	73.64022308	454.2124
53.08040144	73.64022104	454.2879
53.0804068	73.64021436	454.3
53.08040281	73.64021543	454.2233
53.08040128	73.6402093	453.9116
53.0804025	73.64020022	454.22
53.0804025	73.64020022	454.22
53.08039205	73.64021653	456.2141
53.08039419	73.64021231	455.9535
53.08039628	73.64020948	455.5277
53.08039542	73.64021068	455.6491
53.08039299	73.64020807	455.2546
53.08039072	73.64021528	455.0416
53.08038874	73.64019523	455.2339
53.08039045	73.64020002	454.6599
53.08039105	73.6401959	454.7224
53.08038992	73.64019189	455.2462
53.08038454	73.6401823	455.8739
53.08038345	73.64018153	456.4593
53.08035771	73.64016632	456.4121
53.08031815	73.64015264	456.5313
53.08028042	73.64016009	456.463
53.08026473	73.64017681	456.2153
53.08023133	73.64019281	456.217
53.08021985	73.64019773	456.4143
53.08021086	73.64020438	456.4043
53.08020692	73.64020673	456.3633
53.08019902	73.64020638	456.1945
53.0801965	73.64020608	456.4482
53.08019219	73.6402181	456.0378
53.08016872	73.64022666	455.6247
53.08013951	73.64022433	455.3677
53.08010908	73.64023239	454.7354
53.08008977	73.64024046	454.4073
53.08007813	73.64023304	453.9371
53.08007386	73.64022362	453.8349
53.08007055	73.64022016	453.9918
53.08006381	73.64020659	453.874
53.08004337	73.64016949	453.8918
53.08002275	73.6401251	453.8981
53.07999292	73.64008036	454.2056
53.07997109	73.64003204	454.1182
53.07995002	73.63999021	454.2651
53.07992652	73.63996184	454.3975
53.07990444	73.63993219	454.378
53.07990418	73.63992862	454.2895
53.07990372	73.63992523	454.3042
53.07990389	73.63992363	454.2623
53.07990394	73.63992258	454.2282
53.07990427	73.63992201	454.1289
53.07990399	73.63992443	454.1387
53.07990146	73.63991413	454.0828
53.07989934	73.639914	454.0716
53.07989929	73.63991687	454.0851
53.07990005	73.63992214	454.0664
53.07989761	73.63991957	454.111
53.07988054	73.63989523	453.9571
53.07986223	73.6398748	453.8628
53.07983544	73.63983516	454.1822
53.07981261	73.63980129	454.1487
53.07978928	73.63977171	454.1314
53.07975953	73.63974063	454.1967
53.07972917	73.63972098	454.216
53.0797056	73.63971	454.116
53.07967603	73.63969464	454.025
53.07964271	73.63966601	453.766
53.07960939	73.63963369	453.7463
53.07957628	73.63960478	453.6943
53.07953872	73.63957257	453.68
53.07950078	73.63953616	453.5683
53.07946022	73.63950769	453.3423
53.07942575	73.63947156	453.2759
53.0793836	73.63943765	453.2043
53.07934009	73.6394156	453.0422
53.07930039	73.6393885	452.7805
53.07925854	73.63936419	452.6916
53.07921967	73.6393333	452.6168
53.07918205	73.63930691	452.515
53.0791406	73.63927441	452.2578
53.07910046	73.63924689	452.1101
53.07905915	73.63921742	451.9746
53.07902499	73.63919512	451.8537
53.07898702	73.63915987	451.693
53.0789473	73.63912798	451.681
53.07890561	73.63910438	451.4965
53.07886428	73.63906991	451.3457
53.07882644	73.63903794	451.2782
53.07879136	73.63900825	451.1929
53.07875391	73.63896932	451.1964
53.07871389	73.63893301	451.1447
53.07868184	73.63890245	450.7482
53.07864501	73.63886424	450.6342
53.07861353	73.63882404	450.7397
53.07858214	73.63878947	450.8244
53.07854712	73.63874781	450.8998
53.07851024	73.63871183	450.8967
53.07846981	73.63868238	450.8538
53.07842972	73.63865131	450.7311
53.07839624	73.63861367	450.8547
53.07835713	73.63857917	450.7236
53.07832093	73.63854093	450.9146
53.07828437	73.63850103	450.9471
53.07824839	73.63845919	450.9124
53.07820982	73.63842432	450.9522
53.0781758	73.63838537	450.9147
53.07814366	73.63834881	450.9519
53.07810634	73.63831417	451.0095
53.07806906	73.63828398	450.9202
53.07802906	73.63824636	450.8705
53.07799141	73.63821487	450.8829
53.07795255	73.63818319	450.7694
53.07791738	73.63814617	450.8498
53.07788419	73.63810479	451.0022
53.07784869	73.63805248	450.9754
53.07781506	73.63801577	451.0632
53.07777901	73.63798036	450.9464
53.07774416	73.63793838	451.0627
53.07770463	73.63790088	450.9912
53.07766979	73.63786669	451.1112
53.07763196	73.63783506	450.9671
53.07759941	73.63780213	451.0644
53.07756623	73.63775706	451.0229
53.07753135	73.63771809	451.0959
53.07750261	73.63768247	451.408
53.07747116	73.6376418	451.2536
53.07743826	73.63760206	451.2969
53.07740575	73.63755521	451.7164
53.07736772	73.63751426	451.6434
53.07733472	73.63747646	451.6481
53.07730109	73.63744385	451.7954
53.07726946	73.63740225	451.9084
53.07724032	73.63736271	451.9293
53.07721273	73.63732225	452.1652
53.07717952	73.63727614	452.5165
53.0771456	73.63723694	452.7676
53.0771103	73.63720046	452.8031
53.0770772	73.63716263	452.9473
53.07703961	73.63712421	453.0846
53.07700293	73.63709885	453.2007
53.07696713	73.63707196	453.376
53.07693043	73.63704235	453.4483
53.07689553	73.63701179	453.572
53.07685798	73.63698401	453.9159
53.07682058	73.63695269	453.9968
53.07678289	73.63692311	454.2424
53.07674578	73.63689743	454.3625
53.07671678	73.63686622	454.624
53.0766847	73.63683259	454.8791
53.07664932	73.63680386	455.1566
53.07661285	73.63677271	455.4836
53.07657571	73.63675178	455.769
53.0765408	73.63673271	455.9773
53.07650781	73.63671287	456.2733
53.07646871	73.63669779	456.5014
53.07643416	73.63668588	456.8627
53.07639556	73.63666651	457.2421
53.07635747	73.63665904	457.5316
53.07631892	73.63665173	457.8294
53.07628197	73.63664836	458.2577
53.07624232	73.63664144	458.5873
53.07620443	73.63664388	458.8228
53.07616964	73.63664941	459.1585
53.07613283	73.63664853	459.3292
53.07609716	73.63665515	459.62
53.07606361	73.63666109	459.8941
53.07602643	73.63666833	460.1415
53.07599529	73.63667234	460.3828
53.07595965	73.63667237	460.6847
53.07592674	73.63668005	461.1448
53.07590355	73.63669016	461.478
53.07587698	73.63670167	461.7421
53.07584831	73.63671047	461.8629
53.07582407	73.63672931	462.1503
53.07580838	73.63673995	462.3861
53.07581099	73.63674025	462.3615
53.07581147	73.63673997	462.3546
53.07581144	73.63674081	462.3588
53.07581052	73.63673966	462.3826
53.07581073	73.63674326	462.4519
53.07581085	73.63674279	462.4562
53.07581096	73.6367426	462.4626
53.07581109	73.63674293	462.4669
53.07581098	73.63674462	462.4799
53.07581118	73.63674389	462.4806
53.07581296	73.63674168	462.4081
53.07581176	73.6367412	462.4557
53.07581078	73.6367396	462.4684
53.07581195	73.63674305	462.4541
53.07581147	73.63674291	462.4649
53.07581025	73.63674202	462.4851
53.07580979	73.63674082	462.4494
53.07580967	73.63674153	462.4474
53.07580829	73.63674019	462.4448
53.07580944	73.63674009	462.4329
53.07580876	73.63674504	462.5004
53.07580773	73.6367439	462.4811
53.07580846	73.63674223	462.4793
53.07580931	73.63674052	462.4537
53.07580891	73.63674027	462.4673
53.07580863	73.63674131	462.47
53.07580848	73.63674119	462.4719
53.07580876	73.63674168	462.4919
53.07580806	73.63674012	462.4952
53.07580805	73.63674001	462.4899
53.07580772	73.63673978	462.4919
53.0758079	73.63673978	462.4873
53.07580794	73.6367396	462.4704
53.07580855	73.63674067	462.4851
53.07580921	73.6367422	462.4693
53.07580907	73.63674216	462.466
53.07580901	73.63674182	462.4661
53.07580904	73.63674164	462.45
53.07580893	73.63674181	462.4436
53.07580896	73.63674189	462.4528
53.07580903	73.63674153	462.4416
53.07580879	73.63674159	462.4405
53.07580853	73.63673862	462.4196
53.07581014	73.63674502	462.4974
53.07581018	73.63674461	462.4847
53.07581053	73.63674407	462.4759
53.07580806	73.63674508	462.5327
53.07580793	73.63673006	462.6853
53.0758248	73.63669089	462.7912
53.0758412	73.63663891	463.2729
53.07586498	73.63658644	463.6417
53.07588812	73.63653196	464.1106
53.07591109	73.63647646	464.4492
53.07593506	73.63643011	464.6762
53.0759592	73.63638001	465.0594
53.07598047	73.63633166	465.3327
53.07600468	73.6362761	465.8565
53.07603366	73.63622842	466.1008
53.07606827	73.63619253	466.3713
53.07609568	73.63616426	466.4041
53.07609433	73.63616153	466.4091
53.07609871	73.63616541	466.3566
53.07609928	73.63616504	466.3407
53.07609744	73.63616531	466.3717
53.07609762	73.63616545	466.3563
53.07610126	73.63615814	466.3478
53.07607983	73.63611685	466.9844
53.07605981	73.63607898	467.8684
53.07604129	73.63603923	468.4861
53.0760192	73.63600443	469.1588
53.07599926	73.63597046	469.7993
53.07598293	73.63593115	470.4639
53.07596576	73.6358972	471.0918
53.07594221	73.63586366	471.8507
53.07591897	73.63583305	472.4779
53.07590064	73.63580028	473.1377
53.07588457	73.63576166	473.9911
53.07587244	73.63571898	474.6559
53.07585904	73.63567669	475.3839
53.07584753	73.63563354	476.0784
53.07584248	73.63557717	476.8319
53.07583926	73.63552471	477.2269
53.07583767	73.63547886	477.7863
53.07583436	73.63543443	478.3507
53.07583166	73.63543708	478.4996
53.07583166	73.63542768	478.4484
53.07582695	73.63537894	479.0414
53.07581905	73.6353377	479.5416
53.07580701	73.63529299	479.9571
53.07580202	73.63524943	480.558
53.07579829	73.63520119	481.1041
53.07579378	73.63515054	481.791
53.0757886	73.63509944	482.3201
53.0757866	73.63504713	482.9739
53.07578255	73.63499608	483.6748
53.07577802	73.63494556	484.2897
53.07577241	73.63489624	485.128
53.0757695	73.63484579	485.7524
53.07576382	73.63480289	486.4436
53.07576007	73.63475961	487.0907
53.07575411	73.63471637	487.7921
53.0757499	73.63467215	488.4281
53.07574275	73.63462728	489.1888
53.07573928	73.63458114	489.717
53.07573596	73.6345357	490.2841
53.07573241	73.63449067	490.9035
53.07573231	73.63444699	491.5871
53.07573456	73.63439694	492.2054
53.07573233	73.63435023	492.8432
53.07573441	73.63430055	493.4415
53.07573982	73.63425617	494.1065
53.07574373	73.63420746	494.737
53.07574104	73.6341566	495.3796
53.07573639	73.63411305	496.0959
53.0757337	73.63406374	496.644
53.07573354	73.63401296	497.2955
53.07572547	73.63396195	497.8898
53.07571423	73.63391909	498.5262
53.07571248	73.63387503	499.1141
53.07570839	73.63382533	499.6602
53.07570287	73.63378247	500.4619
53.07569911	73.63373585	500.9834
53.07569908	73.63368834	501.5168
53.0756946	73.63364181	502.2892
53.07569266	73.63359478	502.808
53.07569479	73.63354401	503.4025
53.07569304	73.63349718	504.0409
53.07568909	73.63345069	504.851
53.07569094	73.63340228	505.4158
53.07569377	73.63336092	506.0193
53.0756865	73.63333888	506.4163
53.07568517	73.63333712	506.381
53.07568702	73.63333997	506.4087
53.07570097	73.63331538	506.5177
53.07571503	73.63327041	507.1164
53.07572834	73.63322838	507.7586
53.0757571	73.63318985	508.1205
53.07578347	73.63315715	508.7113
53.07581169	73.63311998	509.2427
53.07584252	73.63308026	509.6732
53.07587824	73.63305274	509.9807
53.07591134	73.63301901	510.4656
53.07594601	73.63298618	510.7822
53.07598304	73.63294927	510.9068
53.07602126	73.63292122	510.9507
53.07605998	73.632891	511.1399
53.07610295	73.63286265	511.0704
53.07614161	73.63282861	511.1657
53.07618311	73.63279726	511.1267
53.07622213	73.63276318	511.4117
53.07626298	73.63273053	511.4599
53.07630232	73.63269566	511.7237
53.07634099	73.63266094	511.9868
53.07637894	73.63263178	512.1064
53.07641493	73.63260158	512.338
53.07645706	73.63256788	512.1745
53.07649518	73.63253765	512.2367
53.07653318	73.63250443	512.4314
53.07656907	73.63248313	512.5092
53.07660508	73.63246166	512.6998
53.07664286	73.63243498	513.1004
53.07668021	73.63241386	513.4034
53.07671667	73.63239503	513.6863
53.07675157	73.63238078	514.0134
53.07678658	73.63236959	514.4155
53.07682282	73.63235428	514.9697
53.07685786	73.63233755	515.3996
53.07689368	73.63232126	515.8063
53.07693094	73.6323064	516.0269
53.07696132	73.63228552	516.5465
53.07698946	73.63225755	517.195
53.0770126	73.63223907	517.3283
53.0770356	73.63221067	517.8028
53.07705978	73.63217846	518.4378
53.07707782	73.63214531	519.1997
53.07708921	73.63210485	520.1113
53.07710024	73.63206585	520.8215
53.07710764	73.63202898	521.5211
53.0771037	73.63199093	522.3956
53.07711715	73.63197237	523.2071
53.07712335	73.63194151	523.8112
53.07711514	73.63194394	523.8343
53.07711491	73.63194491	523.8107
53.07711472	73.63194471	523.811
53.07711459	73.63194487	523.7928
53.0771147	73.6319449	523.7903
53.07711485	73.63194467	523.794
53.07711454	73.63194471	523.7807
53.07711465	73.63194449	523.7799
53.07711474	73.63194447	523.7805
53.07711481	73.6319446	523.7657
53.07711498	73.63194449	523.7696
53.07711478	73.63194456	523.7701
53.0771149	73.63194671	523.7546
53.07711719	73.6319436	523.8312
53.07711811	73.63194375	523.8088
53.07711539	73.63194769	523.7138
53.07711699	73.63194485	523.7758
53.07711451	73.63194389	523.7396
53.07711635	73.63194402	523.7649
53.07711689	73.63194363	523.7914
53.07711985	73.63194495	523.7657
53.07712123	73.63194928	523.7134
53.07712264	73.63195248	523.4569
53.0771336	73.63198953	522.4271
53.07713872	73.63205563	520.8019
53.07715947	73.63212176	519.5194
53.0771734	73.63218876	518.1673
53.07718438	73.63225381	517.0102
53.07720248	73.63232396	515.7327
53.07721989	73.63239853	514.0654
53.07723736	73.63246762	512.7695
53.07725469	73.63253869	511.2566
53.07726808	73.63260184	509.9222
53.07727717	73.6326631	508.6729
53.07728638	73.63271205	507.7662
53.07729833	73.63276969	506.5331
53.07731557	73.63283642	505.2351
53.07734666	73.63286616	503.6123
53.07738288	73.6328416	502.5207
53.07741613	73.63280766	502.2829
53.07743918	73.632759	502.5468
53.07743918	73.632759	502.5468
53.07743918	73.632759	502.5468
53.07750094	73.63267386	503.0885
53.07750091	73.63267436	503.0152
53.07789748	73.63030413	521.2412
53.07789763	73.63030403	520.2848
53.07789758	73.630304	520.2843
53.07789758	73.63030403	520.2902
53.07789769	73.63030402	520.2767
53.07789759	73.63030405	520.2981
53.07789756	73.63030411	520.3053
53.07789762	73.63030411	520.2988
53.07789753	73.63030406	520.3028
53.07789765	73.63030409	520.2913
53.07789761	73.63030405	520.2949
53.07789768	73.6303041	520.2901
53.07789771	73.63030417	520.2911
53.07789775	73.63030399	520.2835
53.07789696	73.6303062	520.6542
53.07789808	73.63030396	520.8889
53.07789879	73.63030364	520.6878
53.07789906	73.63030464	520.6782
53.07790088	73.63030627	520.9857
53.07790249	73.63029768	521.1938
53.07788979	73.63030385	521.1657
53.07789157	73.63030283	521.1302
53.07789236	73.63030345	521.0529
53.07789518	73.63030841	521.6416
53.077897	73.63031384	521.3378
53.07789517	73.63031225	521.291
53.07789477	73.63031307	521.2792
53.07789493	73.63031351	521.2193
53.07789409	73.63031364	521.0771
53.0778936	73.63031449	521.0552
53.07789654	73.63030934	521.5309
53.07789685	73.63031713	521.5387
53.07789003	73.63031643	521.5455
53.07789201	73.63032369	521.4391
53.07789257	73.63032336	521.4376
53.07789207	73.63032242	521.4519
53.07789136	73.63032281	521.4478
53.07789096	73.63032264	521.4104
53.07789317	73.63031871	521.4964
53.07789234	73.63031842	521.4967
53.07789259	73.63031846	521.4963
53.07789169	73.63031876	521.4711
53.07789102	73.63031761	521.49
53.07789234	73.63031848	521.4852
53.07789274	73.6303171	521.5261
53.07789115	73.63031788	521.474
53.07789193	73.63031651	521.5261
53.07789197	73.63031847	521.5093
53.07789105	73.63031674	521.515
53.07789891	73.63030068	521.6021
53.07789509	73.63030602	521.6066
53.07789476	73.63030486	521.5758
53.07789365	73.63030496	521.5501
53.0778941	73.63030695	521.5339
53.07789518	73.63030619	521.5747
53.07789455	73.63030783	521.5627
53.07793222	73.63033925	521.4472
53.07797912	73.63037501	521.4533
53.07802426	73.63040588	521.3492
53.07806853	73.63043096	521.3746
53.07811847	73.63045812	521.4608
53.07816242	73.6304859	521.6888
53.07820702	73.63051627	521.8369
53.07825374	73.63054891	521.9237
53.07829962	73.63057816	522.0944
53.07834534	73.63060966	522.2256
53.07839056	73.63064355	522.4181
53.07843804	73.63067415	522.8224
53.07848069	73.63070424	522.9551
53.07852453	73.63073349	523.2128
53.07856593	73.63076564	523.4729
53.07860788	73.63079514	523.6871
53.07865231	73.63082655	523.8885
53.07869323	73.63085474	524.1291
53.07873649	73.63088137	524.4214
53.07877954	73.63091301	524.8274
53.07882063	73.63094186	525.0343
53.07886496	73.63097641	525.3663
53.0789076	73.63100655	525.6513
53.07895063	73.63103581	525.9876
53.07899517	73.63106861	526.3347
53.07903988	73.63109938	526.5596
53.07908241	73.63112865	526.8814
53.07909096	73.63113566	526.9554
53.07910975	73.63114558	527.0586
53.07915046	73.63117253	527.3605
53.07919008	73.63120421	527.5825
53.07920237	73.63120784	527.7874
53.07920208	73.63120804	527.7802
53.07920178	73.63120758	527.7781
53.07920218	73.63120826	527.7674
53.07920204	73.63120839	527.7689
53.07920201	73.63120849	527.7712
53.07920181	73.6312075	527.8057
53.07922333	73.63122294	527.9605
53.07926339	73.63125504	528.1931
53.07930947	73.63128366	528.4455
53.07935121	73.63130836	528.7158
53.07939539	73.63133955	528.9531
53.07944071	73.6313728	529.3093
53.07948361	73.63140403	529.5135
53.07952826	73.63143723	529.689
53.07957429	73.63146823	529.8672
53.07961796	73.63149752	530.2161
53.079663	73.63152964	530.4614
53.07970671	73.63155814	530.7356
53.07975068	73.63158864	530.9984
53.07979554	73.63162225	531.225
53.07984009	73.63165521	531.5181
53.079882	73.63168643	531.672
53.07992325	73.63171795	531.8993
53.07996743	73.631751	532.1546
53.08001019	73.63178012	532.4007
53.08005313	73.63180781	532.6496
53.08009567	73.63183693	532.9865
53.08013978	73.63186396	533.247
53.08017914	73.63189439	533.5656
53.08017754	73.63189574	533.5816
53.08017748	73.63189588	533.5829
53.08017775	73.63189603	533.5774
53.08017765	73.631896	533.5736
53.08017726	73.63189375	533.6054
53.08020332	73.63191421	533.5979
53.08024748	73.631944	533.955
53.08029167	73.63197289	534.2377
53.08033638	73.63199808	534.666
53.0803828	73.63202453	534.9557
53.08042537	73.63205057	535.3378
53.08047156	73.63207585	535.6641
53.08052028	73.63210068	536.1213
53.08056658	73.63213419	536.3498
53.08060927	73.63216592	536.6142
53.08065606	73.63219487	536.8442
53.08069822	73.63222047	537.2609
53.08074176	73.63224911	537.5686
53.08078805	73.63227712	537.7189
53.08083268	73.63230502	538.0191
53.08088007	73.63233833	538.2553
53.08092583	73.63237003	538.4352
53.08096906	73.63240033	538.5942
53.08101336	73.63243138	538.732
53.0810551	73.63245992	538.8826
53.08109176	73.63248673	538.9764
53.08109232	73.63248459	539.0131
53.08109226	73.63248476	539
53.08109223	73.63248446	539.0065
53.08109198	73.63248444	538.9996
53.08109914	73.63249028	538.9404
53.0811398	73.63251755	538.9644
53.08118764	73.63254963	538.966
53.0812328	73.63257136	539.004
53.08126188	73.63258313	539.2692
53.08127079	73.63259237	539.2538
53.08129082	73.63260066	539.4352
53.08133283	73.63262513	539.3476
53.08134638	73.63262904	539.4181
53.08134868	73.63262899	539.4091
53.08136512	73.63264242	539.4114
53.0814013	73.63266335	539.5871
53.08142915	73.63267951	539.3604
53.08147495	73.63270576	539.3474
53.08152766	73.63273642	539.38
53.08157684	73.6327621	539.1958
53.08162695	73.63279656	539.1466
53.0816787	73.63282197	539.0481
53.08172813	73.63285829	538.9499
53.08177723	73.63289543	538.6252
53.08182264	73.63293639	538.5272
53.08186679	73.63297704	538.1373
53.08191107	73.63301533	537.8917
53.08195594	73.63305761	537.6072
53.08199672	73.63308463	537.5326
53.08202483	73.63310118	537.5509
53.08202434	73.6330989	537.5803
53.08202452	73.63309849	537.5634
53.08202444	73.63309881	537.5687
53.08203077	73.63310439	537.5135
53.08207279	73.6331315	537.467
53.08212161	73.63316164	537.3826
53.08217097	73.63319496	537.0532
53.08221783	73.63322281	536.975
53.08226654	73.63325385	536.8772
53.08231451	73.63328258	536.7283
53.08236334	73.63330984	536.6628
53.08241227	73.6333373	536.5691
53.08246043	73.63336334	536.6472
53.08250895	73.63339709	536.3472
53.08255661	73.63342689	536.2682
53.08260434	73.63345464	536.1986
53.08265038	73.63348076	536.1352
53.08269766	73.63350611	536.0569
53.08274452	73.63353628	535.8063
53.08279103	73.63356911	535.5825
53.08283466	73.63359693	535.5493
53.08287865	73.63362981	535.5864
53.08292261	73.63365804	535.3453
53.08293161	73.63366592	535.3679
53.08293161	73.63366551	535.3709
53.08293196	73.63366625	535.3551
53.08293208	73.63366631	535.3487
53.08293307	73.63366827	535.3356
53.08297619	73.63368952	535.2782
53.08302491	73.63371993	535.141
53.08306981	73.63374736	535.0517
53.08311644	73.63377625	535.028
53.08316372	73.63380727	535.0071
53.0832121	73.63383567	534.7473
53.08325739	73.63386264	534.7511
53.08330363	73.633889	534.6979
53.08335346	73.63391931	534.6336
53.08340158	73.63395056	534.5396
53.08344978	73.63398381	534.4578
53.08349391	73.63400488	534.3979
53.0835376	73.63403172	534.4155
53.08358647	73.63405979	534.337
53.08363269	73.63409079	534.1878
53.08367859	73.63411854	534.0945
53.08372778	73.63414481	533.9681
53.08376626	73.63417486	533.9611
53.08380822	73.63420306	533.7757
53.08384561	73.63422536	533.6979
53.08385904	73.63423312	533.6878
53.08385911	73.63423231	533.6827
53.08385869	73.63423236	533.6581
53.08385836	73.6342326	533.6593
53.08385926	73.63423258	533.658
53.08386068	73.63423807	533.6443
53.08390752	73.63426835	533.4197
53.08395863	73.63429303	533.4157
53.08400736	73.63431834	533.2867
53.08405255	73.63434415	533.1159
53.08410422	73.63437717	532.9374
53.08415367	73.63440496	532.9272
53.08419946	73.63443301	532.7062
53.08424302	73.63445891	532.7025
53.08428862	73.63448538	532.7155
53.0843317	73.63451324	532.5683
53.08437716	73.63454432	532.4339
53.08442134	73.63457021	532.2118
53.08446208	73.63459516	532.2359
53.08450349	73.63462305	532.1679
53.08454723	73.63464977	531.9885
53.08459132	73.63467337	531.9254
53.08463349	73.63469717	531.9885
53.08467643	73.63472545	532.0174
53.08472096	73.63475597	531.8217
53.08476413	73.63478826	531.7335
53.08478197	73.63480285	531.6815
53.08478199	73.63480224	531.6883
53.08478202	73.63480206	531.6882
53.08478226	73.63480253	531.6822
53.08478256	73.63480259	531.6881
53.0848167	73.6348236	531.7197
53.08486502	73.63485484	531.6963
53.08490942	73.63488152	531.683
53.08495262	73.63490764	531.6053
53.08499341	73.63493302	531.8928
53.08503806	73.6349577	532.022
53.08507888	73.6349833	532.1412
53.0851211	73.63501241	532.196
53.08516212	73.63503969	532.4389
53.08520137	73.63506695	532.6089
53.085242	73.63509559	532.8791
53.08528166	73.63512433	533.1031
53.08531985	73.63514763	533.4302
53.08535619	73.63516744	533.7368
53.08539468	73.63519603	533.9862
53.08542871	73.63522156	534.3992
53.08546402	73.63524388	534.7881
53.08549977	73.63527003	535.1683
53.08553046	73.63529409	535.4794
53.0855667	73.63531669	536.0076
53.08558457	73.63532729	536.3659
53.08558499	73.63532791	536.3673
53.08560173	73.63534328	536.4421
53.0856358	73.63537083	536.8848
53.08566848	73.63539803	537.3952
53.08569153	73.63541848	537.7462
53.08569179	73.63541838	537.7603
53.08569193	73.63541881	537.7485
53.08569213	73.63541844	537.7506
53.08569211	73.6354189	537.7572
53.08569203	73.63542183	537.7265
53.08569166	73.6354203	537.7283
53.08572035	73.63544686	537.9623
53.0857545	73.63547496	538.6963
53.085787	73.63550146	539.0932
53.08581959	73.63552227	539.6669
53.08584974	73.63554412	540.3647
53.08587924	73.63557207	540.98
53.08591129	73.63560021	541.5216
53.08594118	73.63562293	542.0092
53.08596488	73.63565167	542.6282
53.08599276	73.63567129	543.1738
53.0860082	73.6356883	543.6106
53.08603046	73.63570704	544.3505
53.08605112	73.63572558	544.8713
53.08607519	73.63574658	545.4727
53.08609526	73.63576368	546.3892
53.08611263	73.63578294	546.962
53.08612636	73.6357977	547.3025
53.08613546	73.63580214	547.4904
53.08614009	73.63580256	547.862
53.08614002	73.63580431	547.8284
53.08614028	73.63580454	547.8154
53.08614024	73.63580463	547.811
53.08614026	73.63580449	547.8203
53.0861402	73.63580449	547.8146
53.08614032	73.63580467	547.8203
53.08614039	73.63580457	547.8237
53.08614049	73.63580497	547.821
53.08614045	73.63580487	547.8223
53.08614037	73.63580431	547.8244
53.08614019	73.63580415	547.85
53.08613561	73.63578874	547.5031
53.08612679	73.63578456	547.2005
53.08612753	73.63578206	547.1667
53.08612472	73.63578137	547.2614
53.0861256	73.63578412	547.2708
53.08612435	73.63577918	547.2237
53.08612525	73.63578467	547.2785
53.08612531	73.63578092	547.2431
53.08612569	73.63578023	547.2122
53.08612568	73.63578324	547.263
53.08612492	73.63578577	547.2975
53.08612615	73.63578322	547.2518
53.08612206	73.63578609	547.3234
53.08612372	73.63578212	547.2808
53.08612213	73.63578023	547.2473
53.08608398	73.63576216	545.7856
53.08603555	73.63574569	544.1761
53.08598206	73.63573956	542.444
53.08592822	73.63575514	541.0017
53.08587888	73.63578508	539.598
53.08583643	73.63580951	538.4255
53.08578122	73.63583288	536.6904
53.0857287	73.63586494	535.2551
53.08567707	73.6358986	533.7512
53.08562286	73.63593482	532.4156
53.08557164	73.63597766	530.8845
53.08551911	73.63602447	529.4805
53.08546844	73.6360676	528.152
53.08541686	73.63611346	526.7409
53.08536709	73.63616489	525.481
53.08531732	73.6362114	524.2455
53.08526375	73.63625461	523.0652
53.08521221	73.63629975	521.818
53.08515676	73.63634339	520.7588
53.08510353	73.63638241	519.6666
53.08504713	73.63643471	518.575
53.08499582	73.63648309	517.4136
53.08494582	73.63653329	516.424
53.08489767	73.63658541	515.5219
53.0848458	73.63664069	514.4643
53.08479714	73.63669714	513.5554
53.08475028	73.63674881	512.4872
53.08470007	73.63680343	511.544
53.0846513	73.63685768	510.7405
53.08460224	73.63691331	509.7189
53.08455646	73.63696866	508.7502
53.08450834	73.63702972	507.6986
53.08446248	73.63709371	506.8135
53.08441134	73.63714968	505.7447
53.08436538	73.63720859	504.9768
53.08431763	73.63726742	503.9804
53.08426704	73.63732484	502.8305
53.0842186	73.6373781	501.8842
53.08417492	73.63744045	501.002
53.08412578	73.63749775	499.9912
53.08407653	73.63755157	498.9123
53.08402981	73.63760535	498.0961
53.08398194	73.63766317	496.9493
53.0839307	73.63772188	495.9966
53.08388235	73.63777454	495.0864
53.08383511	73.63782858	494.3086
53.08378324	73.63788423	493.1703
53.08373549	73.63794271	492.2433
53.08368839	73.63799799	491.2878
53.08363857	73.63805684	490.3038
53.08359046	73.63810942	489.3978
53.08354295	73.63816111	488.4541
53.08349629	73.6382143	487.6128
53.08345088	73.63826868	486.7131
53.08340181	73.63832017	485.8437
53.08336024	73.6383739	485.1072
53.08331104	73.6384289	484.0767
53.08326544	73.63848265	483.1782
53.08321769	73.6385391	482.278
53.08317223	73.63859433	481.3759
53.08312423	73.63865035	480.4819
53.0830785	73.63870614	479.512
53.08303289	73.63876128	478.7855
53.08298409	73.63881683	477.8295
53.08293724	73.63887061	477.0173
53.08289243	73.63893029	476.1876
53.08284723	73.63899095	475.2912
53.08280329	73.63904732	474.5284
53.08275242	73.6391026	473.7227
53.08270462	73.63915759	472.9285
53.08265601	73.63921222	472.1535
53.08260657	73.63926904	471.3333
53.08255875	73.6393269	470.5344
53.08251263	73.63937795	469.8992
53.08246646	73.63943563	469.2307
53.08241787	73.6394945	468.4059
53.08237429	73.63954977	467.7242
53.08232725	73.63960403	466.9876
53.08228309	73.63965408	466.3209
53.08223708	73.63970597	465.5592
53.08219179	73.63975332	464.9924
53.08214726	73.63980631	464.3263
53.08210263	73.6398552	463.7593
53.08205612	73.63991408	463.0486
53.08201017	73.63996443	462.3263
53.08196815	73.64001475	461.8581
53.08192486	73.64007201	461.0894
53.08188682	73.64011842	460.515
53.08184688	73.6401707	459.8926
53.08180435	73.64021741	459.3119
53.08176194	73.64027154	458.664
53.08172006	73.64032207	457.8912
53.08168228	73.64036849	457.2992
53.08164164	73.64041637	456.6858
53.08160898	73.6404559	456.2015
53.08157453	73.64049583	455.5975
53.08152398	73.64050999	455.2656
53.08147974	73.64054105	454.786
53.0814691	73.64061135	453.9142
53.08147272	73.64063694	453.6214
53.08147272	73.64063655	453.6116
53.08147265	73.64063641	453.6201
53.08147245	73.64063662	453.6199
53.08147255	73.64063636	453.6189
53.08147972	73.64064293	453.585
53.08151805	73.64065689	453.3156
53.08156103	73.64067012	453.2396
53.08160889	73.64068384	453.213
53.08165819	73.64069447	453.1952
53.08170737	73.64070569	453.1643
53.08175658	73.64071856	453.0235
53.08180126	73.64072947	453.0309
53.08184839	73.64074388	453.0627
53.08189362	73.64075276	453.0434
53.08193907	73.64076193	453.0433
53.08198294	73.64076796	453.0852
53.08202643	73.64078343	453.2607
53.08206905	73.64079714	453.2988
53.08211113	73.6408084	453.2748
53.08215301	73.64082294	453.3791
53.08219406	73.64083611	453.4704
53.08223881	73.64085148	453.5526
53.08227446	73.64086554	453.5377
53.08227515	73.64086674	453.5399
53.08227499	73.64086694	453.5374
53.08227516	73.64086681	453.5413
53.08229206	73.64086985	453.5137
53.08233689	73.64087859	453.5508
53.08238075	73.64088233	453.909
53.08242776	73.64088717	454.0914
53.08247322	73.64089569	454.3204
53.08251947	73.64090316	454.5867
53.08256425	73.64091389	454.709
53.08260981	73.64092754	454.9301
53.08265559	73.64094137	455.173
53.08270249	73.64095161	455.3191
53.08274763	73.64096875	455.5018
53.08279389	73.64097809	455.7793
53.08283855	73.64099451	456.0424
53.08288242	73.64100898	456.2014
53.08292642	73.64102426	456.3058
53.08296735	73.64104104	456.5408
53.08301236	73.64105675	456.6923
53.08305485	73.64107026	456.9613
53.08309875	73.64109571	457.1211
53.08314245	73.64111561	457.1856
53.08318529	73.64113671	457.4702
53.08322944	73.64115573	457.4834
53.08327086	73.64117398	457.7497
53.0833093	73.641198	457.8074
53.0833153	73.64120128	457.8585
53.08331494	73.64120156	457.8525
53.08331491	73.64120157	457.8442
53.08331527	73.6412017	457.8485
53.08332533	73.64120948	457.8469
53.0833648	73.64123158	457.9275
53.08340786	73.64126053	458.0324
53.08345167	73.64129107	458.1101
53.08349452	73.64131965	458.3152
53.08353789	73.64135048	458.2634
53.08358046	73.64138473	458.2956
53.08362245	73.64141873	458.3534
53.08366583	73.64145466	458.2747
53.08370427	73.64148837	458.4082
53.08374441	73.64152078	458.439
53.08378362	73.6415523	458.3945
53.08382208	73.64158108	458.4499
53.08385929	73.64160562	458.5261
53.08389896	73.64163634	458.8141
53.08393896	73.64167153	458.8103
53.08398138	73.64170588	458.9362
53.08402047	73.64173676	459.0329
53.08405696	73.64177048	459.1821
53.08409399	73.64180885	459.2149
53.08413129	73.64184009	459.3625
53.08416776	73.641871	459.5916
53.08420186	73.64190333	459.8031
53.08423514	73.64193575	459.9679
53.08427101	73.64196032	460.3147
53.08430094	73.64198863	460.5222
53.0843328	73.64201309	460.8741
53.08436388	73.64204073	461.3006
53.08439317	73.64206393	461.7003
53.08442199	73.64208883	462.0475
53.08445059	73.64210553	462.5113
53.08447752	73.64212252	463.1255
53.08450168	73.64214568	463.6611
53.08452949	73.64216914	464.1538
53.08455191	73.64218751	464.7602
53.08457589	73.64220799	465.3751
53.08460171	73.64222866	466.2488
53.08462011	73.64224987	466.7475
53.08463729	73.64226766	467.4918
53.0846559	73.64227236	468.2934
53.08465488	73.64227726	468.2579
53.0846548	73.64227781	468.2487
53.08465509	73.64227756	468.2456
53.08465492	73.64227746	468.2501
53.08465492	73.64227775	468.2599
53.08465489	73.64227773	468.2592
53.08465482	73.64227817	468.258
53.08465503	73.64227808	468.2602
53.0846549	73.64227803	468.2846
53.08465505	73.64227773	468.2714
53.08465565	73.64226821	468.231
53.08465487	73.64226795	468.2291
53.08465451	73.64226687	468.2365
53.0846542	73.64226873	468.2571
53.08465524	73.64226747	468.2354
53.08463787	73.64224551	467.6318
53.08459244	73.64227511	465.9231
53.08456401	73.64234798	464.7511
53.08453795	73.64241058	463.9607
53.08453668	73.64248764	463.7017
53.08453901	73.64255551	463.9145
53.0845294	73.64264123	463.4918
53.08451489	73.64271481	463.0195
53.08449119	73.64279121	461.9583
53.08446449	73.64286837	460.8953
53.08444	73.64293822	460.0081
53.08440655	73.64300935	458.6032
53.08438322	73.64307745	457.7937
53.08436224	73.64316082	457.0028
53.08433798	73.64324313	455.836
53.0843174	73.64332176	454.937
53.08430025	73.64340375	454.2301
53.08427848	73.64348432	453.4903
53.08425717	73.64356769	452.5697
53.08424028	73.64364044	451.9048
53.08421789	73.64371928	451.0132
53.08419386	73.64379605	450.198
53.08417738	73.64387721	449.565
53.0841586	73.64394623	448.8717
53.08413772	73.6440154	448.1504
53.08411748	73.64409175	447.5417
53.08409769	73.64416336	446.8608
53.08407801	73.64422514	446.2933
53.08406058	73.64427918	445.745
53.084042	73.6443514	445.066
53.08402652	73.64442396	445.0901
53.08401153	73.64450047	444.3401
53.08399502	73.64455897	443.8211
53.08397574	73.64462818	443.2276
53.08396192	73.64468982	442.8474
53.08394003	73.64475989	442.0812
53.08392633	73.64483613	441.5928
53.08391324	73.64490777	440.9406
53.0838965	73.64498291	440.1809
53.08387952	73.64505875	439.5114
53.08386221	73.64513157	438.8845
53.08384096	73.64518718	437.9096
53.08380179	73.64523688	436.7072
53.08376919	73.64527849	436.4011
53.08375589	73.64529582	436.4635
53.08375592	73.64529571	436.471
53.08375572	73.64529609	436.4726
53.08375568	73.64529647	436.4955
53.08375556	73.64529621	436.4899
53.08375692	73.64529533	436.4528
53.08375678	73.64529541	436.4785
53.08375683	73.64529577	436.4594
53.08375674	73.64529579	436.4874
53.08375682	73.64529609	436.4699
53.08375679	73.645296	436.4634
53.08375667	73.64529582	436.4443
