2.642970000000000e+2
2.723240000000000e+2
2.922170000000000e+2
3.005930000000000e+2
2.950090000000000e+2
2.894250000000000e+2
2.670890000000000e+2
2.461490000000000e+2
2.335850000000000e+2
2.140410000000000e+2
1.773960100000000e+2
1.986850000000000e+2
1.362140000000000e+2
1.494760000000000e+2
1.383080000000000e+2
1.027100000000000e+2
2.238130000000000e+2
7.374300000000000e+1
2.496390000000000e+2
2.807000000000000e+2
2.712770000000000e+2
2.862840000000000e+2
3.019890000000000e+2
2.922170000000000e+2
2.698810000000000e+2
3.089690000000000e+2
2.503370000000000e+2
2.964050000000000e+2
2.601090000000000e+2
2.314910000000000e+2
2.112490000000000e+2
2.601090000000000e+2
2.726730000000000e+2
2.601090000000000e+2
2.726730000000000e+2
2.978010000000000e+2
2.978010000000000e+2
3.061770000000000e+2
3.033850000000000e+2
3.142040000000000e+2
3.169960000000000e+2
3.138550000000000e+2
3.159490000000000e+2
3.131570000000000e+2
2.880290000000000e+2
3.047810000000000e+2
3.100160000000000e+2
3.117610000000000e+2
3.131570000000000e+2
3.159490000000000e+2
3.159490000000000e+2
3.159490000000000e+2
3.159490000000000e+2
3.166470000000000e+2
3.145530000000000e+2
3.131570000000000e+2
3.117610000000000e+2
3.117610000000000e+2
3.075730000000000e+2
2.894250000000000e+2
2.698810000000000e+2
2.608070000000000e+2
2.615050000000000e+2
2.629010000000000e+2
2.489410000000000e+2
2.349810000000000e+2
2.419610000000000e+2
2.559210000000000e+2
2.377730000000000e+2
2.461490000000000e+2
2.461490000000000e+2
2.503370000000000e+2
2.321890000000000e+2
2.517330000000000e+2
2.056650000000000e+2
2.056650000000000e+2
2.098530000000000e+2
2.070610000000000e+2
1.571540000000000e+2
1.082940000000000e+2
1.334220000000000e+2
1.187640000000000e+2
1.424960000000000e+2
1.746040000000000e+2
1.826310000000000e+2
1.972890000000000e+2
1.766980000000000e+2
1.819330000000000e+2
1.571540000000000e+2
2.252090000000000e+2
2.182290000000000e+2
2.391690000000000e+2
2.629010000000000e+2
2.293970000000000e+2
1.861210000000000e+2
2.014770000000000e+2
2.684850000000000e+2
2.950090000000000e+2
2.890760000000000e+2
3.002440000000000e+2
2.587130000000000e+2
2.922170000000000e+2
2.168330000000000e+2
2.866330000000000e+2
2.978010000000000e+2
2.796530000000000e+2
2.796530000000000e+2
2.768610000000000e+2
2.670890000000000e+2
2.656930000000000e+2
2.391690000000000e+2
2.615050000000000e+2
2.754650000000000e+2
2.719750000000000e+2
2.698810000000000e+2
2.765120000000000e+2
2.447530000000000e+2
2.740690000000000e+2
2.695320000000000e+2
2.726730000000000e+2
2.684850000000000e+2
2.782570000000000e+2
2.695320000000000e+2
2.740690000000000e+2
2.503370000000000e+2
2.684850000000000e+2
2.573170000000000e+2
2.740690000000000e+2
2.698810000000000e+2
2.824450000000000e+2
2.709280000000000e+2
2.695320000000000e+2
2.573170000000000e+2
2.709280000000000e+2
2.601090000000000e+2
2.559210000000000e+2
2.447530000000000e+2
2.656930000000000e+2
2.601090000000000e+2
2.761630000000000e+2
2.531290000000000e+2
2.587130000000000e+2
2.545250000000000e+2
2.335850000000000e+2
2.238130000000000e+2
2.419610000000000e+2
2.629010000000000e+2
2.670890000000000e+2
2.573170000000000e+2
2.531290000000000e+2
3.005930000000000e+2
2.740690000000000e+2
2.810490000000000e+2
2.726730000000000e+2
2.890760000000000e+2
2.894250000000000e+2
2.904720000000000e+2
2.782570000000000e+2
2.723240000000000e+2
2.765120000000000e+2
2.656930000000000e+2
2.663910000000000e+2
2.601090000000000e+2
2.629010000000000e+2
2.629010000000000e+2
2.559210000000000e+2
2.768610000000000e+2
2.447530000000000e+2
2.503370000000000e+2
2.419610000000000e+2
2.820960000000000e+2
2.880290000000000e+2
2.922170000000000e+2
2.991970000000000e+2
2.363770000000000e+2
2.419610000000000e+2
2.838410000000000e+2
2.126450000000000e+2
2.307930000000000e+2
2.573170000000000e+2
2.751160000000000e+2
2.056650000000000e+2
2.433570000000000e+2
2.335850000000000e+2
2.210210000000000e+2
2.084570000000000e+2
2.252090000000000e+2
2.447530000000000e+2
2.608070000000000e+2
2.670890000000000e+2
2.684850000000000e+2
1.917050000000000e+2
1.944970000000000e+2
1.819330000000000e+2
1.944970000000000e+2
2.126450000000000e+2
2.642970000000000e+2
1.958930000000000e+2
2.363770000000000e+2
2.447530000000000e+2
2.894250000000000e+2
2.747670000000000e+2
2.496390000000000e+2
2.461490000000000e+2
2.210210000000000e+2
2.908210000000000e+2
2.838410000000000e+2
2.363770000000000e+2
2.782570000000000e+2
2.321890000000000e+2
2.363770000000000e+2
2.335850000000000e+2
2.517330000000000e+2
2.615050000000000e+2
2.705790000000000e+2
2.475450000000000e+2
2.266050000000000e+2
2.475450000000000e+2
2.231150000000000e+2
2.363770000000000e+2
2.363770000000000e+2
2.280010000000000e+2
2.642970000000000e+2
2.779080000000000e+2
2.709280000000000e+2
2.670890000000000e+2
2.754650000000000e+2
2.656930000000000e+2
2.238130000000000e+2
2.300950000000000e+2
2.615050000000000e+2
2.140410000000000e+2
2.349810000000000e+2
2.119470000000000e+2
2.098530000000000e+2
2.461490000000000e+2
2.405650000000000e+2
2.321890000000000e+2
2.426590000000000e+2
2.398670000000000e+2
2.335850000000000e+2
2.405650000000000e+2
2.461490000000000e+2
2.573170000000000e+2
2.278900000000000e+1
2.740690000000000e+2
2.918680000000000e+2
2.838410000000000e+2
2.918680000000000e+2
2.894250000000000e+2


2.782570000000000e+2
2.943110000000000e+2
2.960560000000000e+2
2.932640000000000e+2
2.946600000000000e+2
2.904720000000000e+2
2.974520000000000e+2
2.894250000000000e+2
2.782570000000000e+2
2.803510000000000e+2
2.740690000000000e+2
2.712770000000000e+2
2.775590000000000e+2
2.782570000000000e+2
2.796530000000000e+2
2.684850000000000e+2
2.656930000000000e+2
2.684850000000000e+2
2.622030000000000e+2
2.321890000000000e+2
2.238130000000000e+2
2.084570000000000e+2
2.168330000000000e+2
2.266050000000000e+2
2.698810000000000e+2
2.751160000000000e+2
2.838410000000000e+2
2.880290000000000e+2
3.061770000000000e+2
3.086200000000000e+2
3.058280000000000e+2
2.918680000000000e+2
2.848880000000000e+2
2.852370000000000e+2
2.751160000000000e+2
2.880290000000000e+2
2.936130000000000e+2
2.932640000000000e+2
2.960560000000000e+2
2.848880000000000e+2
2.964050000000000e+2
2.908210000000000e+2
2.950090000000000e+2
2.943110000000000e+2
2.908210000000000e+2
2.991970000000000e+2
2.915190000000000e+2
2.950090000000000e+2
3.002440000000000e+2
2.936130000000000e+2
3.033850000000000e+2
3.016400000000000e+2
2.991970000000000e+2
3.030360000000000e+2
3.075730000000000e+2
3.054790000000000e+2
3.058280000000000e+2
3.072240000000000e+2
3.086200000000000e+2
3.100160000000000e+2
3.089690000000000e+2
3.114120000000000e+2
3.089690000000000e+2
3.117610000000000e+2
3.103650000000000e+2
3.082710000000000e+2
3.086200000000000e+2
3.089690000000000e+2
3.047810000000000e+2
3.054790000000000e+2
3.033850000000000e+2
3.058280000000000e+2
3.033850000000000e+2
3.016400000000000e+2
2.991970000000000e+2
2.991970000000000e+2
2.974520000000000e+2
2.908210000000000e+2
2.960560000000000e+2
2.751160000000000e+2
2.838410000000000e+2
2.793040000000000e+2
2.656930000000000e+2
2.642970000000000e+2
2.866330000000000e+2
2.810490000000000e+2
2.349810000000000e+2
2.363770000000000e+2
2.028730000000000e+2
2.531290000000000e+2
2.391690000000000e+2
2.475450000000000e+2
2.098530000000000e+2
2.695320000000000e+2
2.768610000000000e+2
2.691830000000000e+2
2.712770000000000e+2
2.656930000000000e+2
2.754650000000000e+2
2.698810000000000e+2
2.880290000000000e+2
2.810490000000000e+2
2.698810000000000e+2
2.838410000000000e+2
2.615050000000000e+2
2.670890000000000e+2
2.719750000000000e+2
2.782570000000000e+2
2.629010000000000e+2
2.768610000000000e+2
2.684850000000000e+2
2.684850000000000e+2
2.615050000000000e+2
2.723240000000000e+2
2.712770000000000e+2
2.723240000000000e+2
2.751160000000000e+2
2.894250000000000e+2
2.880290000000000e+2
2.936130000000000e+2
3.061770000000000e+2
2.984990000000000e+2
3.044320000000000e+2
2.852370000000000e+2
2.848880000000000e+2
2.936130000000000e+2
2.960560000000000e+2
3.005930000000000e+2
3.058280000000000e+2
3.117610000000000e+2
3.169960000000000e+2
3.005930000000000e+2
3.005930000000000e+2
2.964050000000000e+2
3.103650000000000e+2
3.103650000000000e+2
3.103650000000000e+2
2.974520000000000e+2
2.894250000000000e+2
2.922170000000000e+2
3.114120000000000e+2
3.131570000000000e+2
3.128080000000000e+2
3.159490000000000e+2
3.166470000000000e+2
3.145530000000000e+2
3.145530000000000e+2
3.215330000000000e+2
3.229290000000000e+2
3.229290000000000e+2
3.225800000000000e+2
3.239760000000000e+2
3.243250000000000e+2
3.243250000000000e+2
3.243250000000000e+2
3.257210000000000e+2
3.257210000000000e+2
3.257210000000000e+2
3.271170000000000e+2
3.267680000000000e+2
3.267680000000000e+2
3.267680000000000e+2
3.267680000000000e+2
3.271170000000000e+2
3.271170000000000e+2
3.271170000000000e+2
3.264190000000000e+2
3.257210000000000e+2
3.239760000000000e+2
3.201370000000000e+2
3.152510000000000e+2
3.068750000000000e+2
3.145530000000000e+2
3.142040000000000e+2
3.047810000000000e+2
2.991970000000000e+2
2.950090000000000e+2
3.114120000000000e+2
3.103650000000000e+2
3.201370000000000e+2
3.005930000000000e+2
3.089690000000000e+2
3.131570000000000e+2
3.159490000000000e+2
2.684850000000000e+2
2.946600000000000e+2
2.988480000000000e+2
2.807000000000000e+2
2.894250000000000e+2
2.419610000000000e+2
2.545250000000000e+2
1.711140000000000e+2
1.522680000000000e+2
2.014770000000000e+2
1.787920000000000e+2
2.084570000000000e+2
1.972890000000000e+2
2.196250000000000e+2
2.684850000000000e+2
2.517330000000000e+2
2.007790000000000e+2
2.307930000000000e+2
2.105510000000000e+2
2.587130000000000e+2
2.649950000000000e+2
2.737200000000000e+2
2.852370000000000e+2
2.622030000000000e+2
2.670890000000000e+2
2.210210000000000e+2
2.321890000000000e+2
2.433570000000000e+2
2.531290000000000e+2
2.684850000000000e+2
2.461490000000000e+2
2.642970000000000e+2
2.447530000000000e+2
2.517330000000000e+2
2.405650000000000e+2
2.559210000000000e+2
2.517330000000000e+2
2.461490000000000e+2
2.391690000000000e+2
2.307930000000000e+2
2.280010000000000e+2
1.972890000000000e+2
2.280010000000000e+2
2.601090000000000e+2
2.461490000000000e+2
2.447530000000000e+2




2.042690000000000e+2
1.965910000000000e+2
2.126450000000000e+2
1.875170000000000e+2
2.014770000000000e+2
2.182290000000000e+2
2.238130000000000e+2
2.321890000000000e+2
2.447530000000000e+2
2.363770000000000e+2
2.419610000000000e+2
2.391690000000000e+2
2.391690000000000e+2
2.335850000000000e+2
2.335850000000000e+2
2.196250000000000e+2
2.391690000000000e+2
2.349810000000000e+2
2.168330000000000e+2
2.391690000000000e+2
2.538270000000000e+2
2.517330000000000e+2
2.377730000000000e+2
2.377730000000000e+2
2.587130000000000e+2
2.447530000000000e+2
2.782570000000000e+2
2.723240000000000e+2
2.782570000000000e+2
2.793040000000000e+2
2.517330000000000e+2
2.698810000000000e+2
2.489410000000000e+2
2.447530000000000e+2
2.475450000000000e+2
2.447530000000000e+2
2.601090000000000e+2
2.726730000000000e+2
2.615050000000000e+2
2.779080000000000e+2
2.740690000000000e+2
2.642970000000000e+2
2.517330000000000e+2
2.656930000000000e+2
2.779080000000000e+2
2.866330000000000e+2
2.695320000000000e+2
2.642970000000000e+2
2.503370000000000e+2
2.587130000000000e+2
2.642970000000000e+2
2.419610000000000e+2
2.370750000000000e+2
2.433570000000000e+2
2.461490000000000e+2
2.349810000000000e+2
2.587130000000000e+2
2.517330000000000e+2
2.656930000000000e+2
2.615050000000000e+2
2.712770000000000e+2
3.005930000000000e+2
3.117610000000000e+2
3.131570000000000e+2
3.131570000000000e+2
3.138550000000000e+2
3.142040000000000e+2
3.061770000000000e+2
2.831430000000000e+2
2.252090000000000e+2
2.461490000000000e+2
2.335850000000000e+2
2.335850000000000e+2
2.238130000000000e+2
2.531290000000000e+2
2.629010000000000e+2
2.601090000000000e+2
2.656930000000000e+2
2.489410000000000e+2
2.670890000000000e+2
2.587130000000000e+2
2.503370000000000e+2
2.684850000000000e+2
2.960560000000000e+2
2.782570000000000e+2
2.838410000000000e+2
2.726730000000000e+2
2.768610000000000e+2
2.691830000000000e+2








2.538270000000000e+2
2.615050000000000e+2
2.656930000000000e+2
2.217190000000000e+2
2.601090000000000e+2
2.573170000000000e+2
2.489410000000000e+2
2.615050000000000e+2
2.419610000000000e+2
2.615050000000000e+2
2.384710000000000e+2
2.293970000000000e+2
2.077590000000000e+2
2.154370000000000e+2
2.349810000000000e+2
2.321890000000000e+2
2.238130000000000e+2
2.245110000000000e+2
2.224170000000000e+2
2.238130000000000e+2
2.014770000000000e+2
2.293970000000000e+2
2.754650000000000e+2
2.866330000000000e+2
2.698810000000000e+2
2.587130000000000e+2
2.615050000000000e+2
2.810490000000000e+2
2.642970000000000e+2
2.922170000000000e+2
2.894250000000000e+2
2.573170000000000e+2
2.824450000000000e+2
2.810490000000000e+2
2.252090000000000e+2
2.168330000000000e+2
2.419610000000000e+2
2.461490000000000e+2
2.070610000000000e+2
1.944970000000000e+2
2.112490000000000e+2
2.140410000000000e+2
2.196250000000000e+2
2.133430000000000e+2
2.126450000000000e+2
2.168330000000000e+2
2.140410000000000e+2
2.447530000000000e+2
2.545250000000000e+2
2.587130000000000e+2
2.601090000000000e+2
2.695320000000000e+2
2.447530000000000e+2
2.475450000000000e+2
2.545250000000000e+2
2.196250000000000e+2
2.517330000000000e+2
2.573170000000000e+2
2.663910000000000e+2
2.545250000000000e+2
2.615050000000000e+2
2.573170000000000e+2
2.642970000000000e+2
2.601090000000000e+2
2.754650000000000e+2
2.866330000000000e+2
2.782570000000000e+2
2.768610000000000e+2
2.670890000000000e+2
2.642970000000000e+2
2.489410000000000e+2
2.405650000000000e+2
2.559210000000000e+2
2.224170000000000e+2
2.070610000000000e+2
2.133430000000000e+2
1.986850000000000e+2
2.021750000000000e+2
2.182290000000000e+2
2.426590000000000e+2
2.461490000000000e+2
2.559210000000000e+2
2.531290000000000e+2
2.726730000000000e+2
2.820960000000000e+2
2.838410000000000e+2
2.908210000000000e+2
2.876800000000000e+2
2.629010000000000e+2
2.684850000000000e+2
2.796530000000000e+2
2.740690000000000e+2
3.058280000000000e+2
3.096670000000000e+2
3.156000000000000e+2
3.173450000000000e+2
3.180430000000000e+2
3.173450000000000e+2
3.183920000000000e+2
3.159490000000000e+2
3.159490000000000e+2
3.117610000000000e+2
2.991970000000000e+2
3.061770000000000e+2
2.946600000000000e+2
3.016400000000000e+2
2.946600000000000e+2
2.880290000000000e+2
2.974520000000000e+2
3.047810000000000e+2
3.145530000000000e+2
3.152510000000000e+2
3.033850000000000e+2
3.019890000000000e+2
2.587130000000000e+2
2.531290000000000e+2
2.098530000000000e+2
2.224170000000000e+2
2.056650000000000e+2
2.168330000000000e+2
2.210210000000000e+2
2.196250000000000e+2
2.377730000000000e+2
2.629010000000000e+2
2.601090000000000e+2
2.545250000000000e+2
2.782570000000000e+2
2.384710000000000e+2
2.601090000000000e+2
2.545250000000000e+2
2.377730000000000e+2
2.629010000000000e+2
2.084570000000000e+2
2.807000000000000e+2
2.391690000000000e+2
2.531290000000000e+2
2.140410000000000e+2


2.252090000000000e+2
2.447530000000000e+2
2.293970000000000e+2
2.377730000000000e+2
2.503370000000000e+2
2.545250000000000e+2
2.503370000000000e+2
2.615050000000000e+2
2.545250000000000e+2
2.656930000000000e+2
2.670890000000000e+2
2.698810000000000e+2
2.656930000000000e+2
2.684850000000000e+2
2.559210000000000e+2
2.615050000000000e+2
2.642970000000000e+2
2.684850000000000e+2
2.723240000000000e+2
2.838410000000000e+2
3.005930000000000e+2
3.089690000000000e+2
3.117610000000000e+2
3.103650000000000e+2
3.159490000000000e+2
3.159490000000000e+2
3.173450000000000e+2
3.173450000000000e+2
3.173450000000000e+2
3.173450000000000e+2
3.183920000000000e+2
3.183920000000000e+2
3.187410000000000e+2
3.197880000000000e+2
3.201370000000000e+2
3.201370000000000e+2
3.215330000000000e+2
3.215330000000000e+2
3.215330000000000e+2
3.222310000000000e+2
3.229290000000000e+2
3.229290000000000e+2
3.239760000000000e+2
3.243250000000000e+2
3.243250000000000e+2
3.257210000000000e+2
3.253720000000000e+2
3.257210000000000e+2
3.257210000000000e+2
3.257210000000000e+2
3.257210000000000e+2
3.253720000000000e+2
3.257210000000000e+2
3.257210000000000e+2
3.253720000000000e+2
3.243250000000000e+2
3.243250000000000e+2
3.243250000000000e+2
3.243250000000000e+2
3.243250000000000e+2

3.239760000000000e+2
3.215330000000000e+2
3.201370000000000e+2
3.211840000000000e+2
3.225800000000000e+2
3.225800000000000e+2
3.225800000000000e+2
3.229290000000000e+2
3.211840000000000e+2
3.215330000000000e+2
3.229290000000000e+2
3.225800000000000e+2
3.229290000000000e+2
3.215330000000000e+2
3.201370000000000e+2
3.173450000000000e+2
3.215330000000000e+2
3.215330000000000e+2
3.197880000000000e+2
3.169960000000000e+2
3.128080000000000e+2
3.187410000000000e+2
3.225800000000000e+2
3.229290000000000e+2
3.243250000000000e+2
3.243250000000000e+2
3.243250000000000e+2
3.243250000000000e+2
3.243250000000000e+2
3.243250000000000e+2
3.243250000000000e+2
3.243250000000000e+2
3.243250000000000e+2
3.239760000000000e+2
3.239760000000000e+2
3.229290000000000e+2
3.229290000000000e+2
3.229290000000000e+2
3.229290000000000e+2
3.236270000000000e+2
3.225800000000000e+2
3.211840000000000e+2
3.201370000000000e+2
3.201370000000000e+2
3.197880000000000e+2
3.187410000000000e+2
3.173450000000000e+2
3.173450000000000e+2
3.145530000000000e+2
3.159490000000000e+2
3.159490000000000e+2
3.166470000000000e+2
3.187410000000000e+2
3.187410000000000e+2
3.197880000000000e+2
3.187410000000000e+2
3.197880000000000e+2
3.201370000000000e+2
3.201370000000000e+2
3.201370000000000e+2
3.201370000000000e+2
3.215330000000000e+2
3.215330000000000e+2
3.229290000000000e+2
3.229290000000000e+2
3.229290000000000e+2
3.229290000000000e+2
3.229290000000000e+2
3.243250000000000e+2
3.243250000000000e+2
3.253720000000000e+2
3.243250000000000e+2
3.243250000000000e+2
3.257210000000000e+2
3.267680000000000e+2
3.267680000000000e+2
3.267680000000000e+2
3.267680000000000e+2
3.271170000000000e+2
3.271170000000000e+2
3.271170000000000e+2
3.271170000000000e+2
3.271170000000000e+2
3.271170000000000e+2
3.271170000000000e+2
3.267680000000000e+2
3.271170000000000e+2
3.271170000000000e+2
3.271170000000000e+2
3.267680000000000e+2
3.267680000000000e+2
3.267680000000000e+2
3.257210000000000e+2
3.257210000000000e+2
3.257210000000000e+2
3.257210000000000e+2
3.253720000000000e+2
3.243250000000000e+2
3.243250000000000e+2
3.243250000000000e+2
3.215330000000000e+2
3.225800000000000e+2
3.229290000000000e+2
3.229290000000000e+2
3.229290000000000e+2
3.215330000000000e+2
3.215330000000000e+2
3.215330000000000e+2
3.215330000000000e+2
3.229290000000000e+2
3.229290000000000e+2
3.239760000000000e+2
3.243250000000000e+2
3.257210000000000e+2
3.257210000000000e+2
3.243250000000000e+2
3.239760000000000e+2
3.243250000000000e+2
3.267680000000000e+2
3.271170000000000e+2
3.257210000000000e+2
3.215330000000000e+2
3.117610000000000e+2
3.156000000000000e+2
3.201370000000000e+2
3.187410000000000e+2
3.159490000000000e+2
3.145530000000000e+2
3.145530000000000e+2
3.173450000000000e+2
3.229290000000000e+2
3.229290000000000e+2
3.229290000000000e+2
3.236270000000000e+2
3.229290000000000e+2
3.211840000000000e+2
3.201370000000000e+2
3.211840000000000e+2
3.201370000000000e+2
3.215330000000000e+2
3.229290000000000e+2
3.257210000000000e+2
3.173450000000000e+2
3.100160000000000e+2
3.096670000000000e+2
3.142040000000000e+2
3.215330000000000e+2
3.173450000000000e+2
3.117610000000000e+2
3.229290000000000e+2
3.243250000000000e+2
3.159490000000000e+2
2.908210000000000e+2
3.103650000000000e+2
3.142040000000000e+2
3.145530000000000e+2
3.089690000000000e+2
3.030360000000000e+2
3.145530000000000e+2
3.145530000000000e+2
3.159490000000000e+2
3.183920000000000e+2
3.183920000000000e+2
3.173450000000000e+2
3.156000000000000e+2
3.145530000000000e+2
3.103650000000000e+2
3.075730000000000e+2
3.033850000000000e+2
2.991970000000000e+2
3.047810000000000e+2
2.922170000000000e+2
2.908210000000000e+2
2.991970000000000e+2
3.047810000000000e+2
2.932640000000000e+2
2.991970000000000e+2
3.005930000000000e+2
2.964050000000000e+2
2.946600000000000e+2
2.964050000000000e+2
2.936130000000000e+2









2.964050000000000e+2
3.005930000000000e+2
2.866330000000000e+2
3.005930000000000e+2
2.936130000000000e+2
2.876800000000000e+2
2.922170000000000e+2
3.002440000000000e+2
2.991970000000000e+2
2.852370000000000e+2
2.922170000000000e+2
2.974520000000000e+2
3.047810000000000e+2
3.033850000000000e+2
2.943110000000000e+2
2.991970000000000e+2
2.998950000000000e+2
3.005930000000000e+2
2.880290000000000e+2
2.726730000000000e+2
2.991970000000000e+2
3.075730000000000e+2
2.922170000000000e+2
2.890760000000000e+2
2.904720000000000e+2
2.876800000000000e+2
2.670890000000000e+2
2.573170000000000e+2
2.737200000000000e+2
2.810490000000000e+2
2.740690000000000e+2
2.684850000000000e+2
2.698810000000000e+2
2.782570000000000e+2
2.775590000000000e+2
2.796530000000000e+2
2.890760000000000e+2
2.904720000000000e+2
2.834920000000000e+2
3.005930000000000e+2
2.782570000000000e+2
2.656930000000000e+2
2.629010000000000e+2
2.737200000000000e+2
2.670890000000000e+2
2.726730000000000e+2
2.656930000000000e+2
3.002440000000000e+2
3.131570000000000e+2
3.159490000000000e+2
3.173450000000000e+2
3.173450000000000e+2
3.173450000000000e+2
3.187410000000000e+2
3.201370000000000e+2
3.197880000000000e+2
3.211840000000000e+2
3.215330000000000e+2
3.012910000000000e+2
3.005930000000000e+2
2.964050000000000e+2
2.894250000000000e+2
3.058280000000000e+2
3.068750000000000e+2
2.991970000000000e+2
2.988480000000000e+2
3.142040000000000e+2
2.862840000000000e+2
2.950090000000000e+2
2.932640000000000e+2
3.187410000000000e+2
3.100160000000000e+2
2.943110000000000e+2
2.852370000000000e+2
2.998950000000000e+2
3.075730000000000e+2
2.866330000000000e+2
2.946600000000000e+2
2.691830000000000e+2
2.642970000000000e+2
2.642970000000000e+2
2.587130000000000e+2
2.918680000000000e+2
2.848880000000000e+2
3.005930000000000e+2
3.033850000000000e+2
3.005930000000000e+2
3.159490000000000e+2
3.215330000000000e+2
3.257210000000000e+2
3.267680000000000e+2
3.257210000000000e+2
3.211840000000000e+2
3.173450000000000e+2
3.103650000000000e+2
2.960560000000000e+2
3.201370000000000e+2
2.960560000000000e+2
3.225800000000000e+2
3.061770000000000e+2
3.044320000000000e+2
3.187410000000000e+2
2.782570000000000e+2
3.128080000000000e+2
3.159490000000000e+2
3.033850000000000e+2
3.169960000000000e+2
2.796530000000000e+2
3.145530000000000e+2
3.159490000000000e+2
3.197880000000000e+2
3.211840000000000e+2
3.225800000000000e+2
3.187410000000000e+2
3.229290000000000e+2
3.222310000000000e+2
3.173450000000000e+2
3.187410000000000e+2
2.866330000000000e+2
2.754650000000000e+2
3.047810000000000e+2
3.142040000000000e+2
3.131570000000000e+2
3.173450000000000e+2
3.173450000000000e+2
3.159490000000000e+2
3.156000000000000e+2
2.988480000000000e+2
2.656930000000000e+2
2.834920000000000e+2
2.545250000000000e+2
2.765120000000000e+2
2.545250000000000e+2
2.461490000000000e+2
2.656930000000000e+2
2.000810000000000e+2
2.698810000000000e+2
2.349810000000000e+2
2.663910000000000e+2
2.454510000000000e+2
2.566190000000000e+2
2.517330000000000e+2
2.447530000000000e+2
2.489410000000000e+2
2.335850000000000e+2
2.461490000000000e+2
2.168330000000000e+2
2.293970000000000e+2
2.196250000000000e+2
2.461490000000000e+2
2.601090000000000e+2
2.517330000000000e+2
2.552230000000000e+2
2.726730000000000e+2
2.559210000000000e+2
2.252090000000000e+2
2.468470000000000e+2
1.944970000000000e+2
2.726730000000000e+2
2.695320000000000e+2
2.834920000000000e+2
2.782570000000000e+2
2.810490000000000e+2
2.838410000000000e+2
2.779080000000000e+2
2.922170000000000e+2
2.904720000000000e+2
2.866330000000000e+2
2.740690000000000e+2
2.824450000000000e+2
2.978010000000000e+2
2.768610000000000e+2
2.419610000000000e+2
2.904720000000000e+2
2.782570000000000e+2
3.047810000000000e+2
2.723240000000000e+2
2.656930000000000e+2
2.904720000000000e+2
2.587130000000000e+2
2.991970000000000e+2
3.169960000000000e+2
3.215330000000000e+2
3.229290000000000e+2
3.243250000000000e+2
3.253720000000000e+2
2.531290000000000e+2
2.726730000000000e+2
2.573170000000000e+2
1.833290000000000e+2
2.601090000000000e+2
2.915190000000000e+2
3.159490000000000e+2
3.229290000000000e+2
3.239760000000000e+2
3.243250000000000e+2
3.222310000000000e+2
3.243250000000000e+2
3.253720000000000e+2
3.257210000000000e+2
3.257210000000000e+2
3.267680000000000e+2
3.271170000000000e+2
3.271170000000000e+2
3.271170000000000e+2
3.271170000000000e+2
3.271170000000000e+2
3.271170000000000e+2
3.271170000000000e+2
3.271170000000000e+2
3.243250000000000e+2
3.082710000000000e+2
2.768610000000000e+2
2.726730000000000e+2
2.545250000000000e+2
2.719750000000000e+2
2.712770000000000e+2
2.545250000000000e+2
2.737200000000000e+2
2.740690000000000e+2
2.754650000000000e+2
2.629010000000000e+2
2.751160000000000e+2
2.796530000000000e+2
2.601090000000000e+2
2.779080000000000e+2
2.796530000000000e+2
2.908210000000000e+2
2.964050000000000e+2
2.894250000000000e+2
2.908210000000000e+2
2.964050000000000e+2
2.866330000000000e+2
2.929150000000000e+2
3.026870000000000e+2
2.991970000000000e+2
2.932640000000000e+2
3.026870000000000e+2
2.740690000000000e+2
2.964050000000000e+2
3.005930000000000e+2
2.984990000000000e+2
3.058280000000000e+2
2.890760000000000e+2
2.978010000000000e+2
2.950090000000000e+2
3.005930000000000e+2
3.131570000000000e+2
3.159490000000000e+2
2.971030000000000e+2
3.197880000000000e+2
3.173450000000000e+2
3.229290000000000e+2
3.033850000000000e+2
3.183920000000000e+2
3.142040000000000e+2
3.103650000000000e+2
2.991970000000000e+2
3.019890000000000e+2
2.670890000000000e+2
2.880290000000000e+2
2.796530000000000e+2
2.656930000000000e+2
2.684850000000000e+2
2.684850000000000e+2
2.670890000000000e+2
2.922170000000000e+2
2.946600000000000e+2
2.852370000000000e+2
2.894250000000000e+2
2.796530000000000e+2
2.751160000000000e+2
2.880290000000000e+2
2.754650000000000e+2
2.824450000000000e+2
2.737200000000000e+2
2.880290000000000e+2
2.820960000000000e+2
2.873310000000000e+2
2.950090000000000e+2
2.918680000000000e+2
3.047810000000000e+2
2.974520000000000e+2
2.978010000000000e+2
2.894250000000000e+2
3.159490000000000e+2
3.089690000000000e+2
3.229290000000000e+2
3.229290000000000e+2
3.243250000000000e+2
3.243250000000000e+2
3.229290000000000e+2
3.183920000000000e+2
3.131570000000000e+2
3.201370000000000e+2
3.011800000000000e+1
2.723240000000000e+2
2.838410000000000e+2
2.922170000000000e+2
2.810490000000000e+2
3.040830000000000e+2
3.016400000000000e+2
3.089690000000000e+2
3.019890000000000e+2
3.005930000000000e+2
2.014770000000000e+2
1.690200000000000e+2
1.313280000000000e+2
1.131800000000000e+2
1.048040000000000e+2
1.250460000000000e+2
1.404020000000000e+2
1.187640000000000e+2
1.271400000000000e+2
1.320260000000000e+2
