410362.453	4118905.58	10.15
410359.7092	4118912.947	10.3
410418.9219	4118912.198	9.5
410455.2052	4118883.202	12.8
410625.568	4118971.686	14.4
410669.2961	4118842.681	27.4
410625.6212	4118548.848	50.2
410637.5919	4118565.762	49.2
410606.5492	4118613.402	49.6
410666.9091	4118610.817	52.7
410706.5037	4118583.735	52.4
410743.9338	4118552.904	50.8
410788.9721	4118533.341	52.6
410821.8665	4118506.134	49.6
410846.8077	4118486.197	42.2
410857.9379	4118488.258	33.3
410791.4667	4118459.205	34.1
410733.2728	4118465.542	37.4
410672.5845	4118445.867	32.6
410629.5109	4118459.902	36.9
